function map = colormaps_blu_red();
%
%================================================
%
%   function map = colormaps_blu_red();
%
%         Yusuke Uchiyama, UCLA, 23-Jun-2010
%
%================================================

map = [
           0.164706        0.000000       0.498039;
           0.164706        0.000000       0.509804;
           0.164706        0.000000       0.521569;
           0.164706        0.000000       0.533333;
           0.164706        0.000000       0.545098;
           0.160784        0.000000       0.556863;
           0.160784        0.000000       0.568627;
           0.160784        0.000000       0.580392;
           0.156863        0.000000       0.592157;
           0.156863        0.000000       0.603922;
           0.156863        0.000000       0.615686;
           0.152941        0.000000       0.627451;
           0.152941        0.000000       0.639216;
           0.149020        0.000000       0.650980;
           0.145098        0.000000       0.662745;
           0.145098        0.000000       0.674510;
           0.141176        0.000000       0.686275;
           0.137255        0.000000       0.698039;
           0.133333        0.000000       0.709804;
           0.133333        0.000000       0.721569;
           0.129412        0.000000       0.733333;
           0.125490        0.000000       0.745098;
           0.121569        0.000000       0.756863;
           0.117647        0.000000       0.768627;
           0.109804        0.000000       0.780392;
           0.105882        0.000000       0.792157;
           0.101961        0.000000       0.803922;
           0.098039        0.000000       0.815686;
           0.094118        0.000000       0.827451;
           0.086275        0.000000       0.839216;
           0.082353        0.000000       0.850980;
           0.074510        0.000000       0.862745;
           0.070588        0.000000       0.874510;
           0.062745        0.000000       0.886275;
           0.058824        0.000000       0.898039;
           0.050980        0.000000       0.909804;
           0.047059        0.000000       0.921569;
           0.039216        0.000000       0.933333;
           0.031373        0.000000       0.945098;
           0.023529        0.000000       0.956863;
           0.015686        0.000000       0.968627;
           0.007843        0.000000       0.980392;
           0.000000        0.000000       0.992157;
           0.003922        0.007843       1.000000;
           0.015686        0.027451       1.000000;
           0.027451        0.047059       1.000000;
           0.039216        0.066667       1.000000;
           0.050980        0.086275       1.000000;
           0.062745        0.101961       1.000000;
           0.074510        0.121569       1.000000;
           0.086275        0.141176       1.000000;
           0.098039        0.156863       1.000000;
           0.109804        0.176471       1.000000;
           0.121569        0.192157       1.000000;
           0.133333        0.211765       1.000000;
           0.145098        0.227451       1.000000;
           0.156863        0.247059       1.000000;
           0.168627        0.262745       1.000000;
           0.180392        0.278431       1.000000;
           0.192157        0.298039       1.000000;
           0.203922        0.313725       1.000000;
           0.215686        0.329412       1.000000;
           0.227451        0.345098       1.000000;
           0.239216        0.360784       1.000000;
           0.250980        0.376471       1.000000;
           0.262745        0.392157       1.000000;
           0.274510        0.407843       1.000000;
           0.286275        0.423529       1.000000;
           0.298039        0.439216       1.000000;
           0.309804        0.450980       1.000000;
           0.321569        0.466667       1.000000;
           0.333333        0.482353       1.000000;
           0.345098        0.498039       1.000000;
           0.356863        0.509804       1.000000;
           0.368627        0.525490       1.000000;
           0.380392        0.537255       1.000000;
           0.392157        0.552941       1.000000;
           0.403922        0.564706       1.000000;
           0.415686        0.576471       1.000000;
           0.427451        0.592157       1.000000;
           0.439216        0.603922       1.000000;
           0.450980        0.615686       1.000000;
           0.462745        0.627451       1.000000;
           0.474510        0.639216       1.000000;
           0.486275        0.650980       1.000000;
           0.498039        0.666667       1.000000;
           0.509804        0.674510       1.000000;
           0.521569        0.686275       1.000000;
           0.533333        0.698039       1.000000;
           0.545098        0.709804       1.000000;
           0.556863        0.721569       1.000000;
           0.568627        0.733333       1.000000;
           0.580392        0.741176       1.000000;
           0.592157        0.752941       1.000000;
           0.603922        0.764706       1.000000;
           0.615686        0.772549       1.000000;
           0.627451        0.784314       1.000000;
           0.639216        0.792157       1.000000;
           0.650980        0.803922       1.000000;
           0.662745        0.811765       1.000000;
           0.674510        0.819608       1.000000;
           0.686275        0.827451       1.000000;
           0.698039        0.839216       1.000000;
           0.709804        0.847059       1.000000;
           0.721569        0.854902       1.000000;
           0.733333        0.862745       1.000000;
           0.745098        0.870588       1.000000;
           0.756863        0.878431       1.000000;
           0.768627        0.886275       1.000000;
           0.780392        0.894118       1.000000;
           0.792157        0.901961       1.000000;
           0.803922        0.909804       1.000000;
           0.815686        0.913725       1.000000;
           0.827451        0.921569       1.000000;
           0.839216        0.929412       1.000000;
           0.850980        0.933333       1.000000;
           0.862745        0.941176       1.000000;
           0.874510        0.945098       1.000000;
           0.886275        0.952941       1.000000;
           0.898039        0.956863       1.000000;
           0.909804        0.964706       1.000000;
           0.921569        0.968627       1.000000;
           0.933333        0.972549       1.000000;
           0.945098        0.980392       1.000000;
           0.956863        0.984314       1.000000;
           0.968627        0.988235       1.000000;
           0.980392        0.992157       1.000000;
           0.992157        0.996078       1.000000;
           1.000000        0.996078       0.992157;
           1.000000        0.992157       0.980392;
           1.000000        0.988235       0.968627;
           1.000000        0.984314       0.956863;
           1.000000        0.980392       0.945098;
           1.000000        0.972549       0.933333;
           1.000000        0.968627       0.921569;
           1.000000        0.964706       0.909804;
           1.000000        0.956863       0.898039;
           1.000000        0.952941       0.886275;
           1.000000        0.945098       0.874510;
           1.000000        0.941176       0.862745;
           1.000000        0.933333       0.850980;
           1.000000        0.929412       0.839216;
           1.000000        0.921569       0.827451;
           1.000000        0.913725       0.815686;
           1.000000        0.909804       0.803922;
           1.000000        0.901961       0.792157;
           1.000000        0.894118       0.780392;
           1.000000        0.886275       0.768627;
           1.000000        0.878431       0.756863;
