function map = colormaps_manga();
%
%================================================
%
%   function map = colormaps_manga();
%
%         Yusuke Uchiyama, UCLA, 23-Jun-2010
%
%================================================

map = [
           0.184314        0.215686       0.623529;
           0.168627        0.203922       0.627451;
           0.129412        0.168627       0.635294;
           0.082353        0.125490       0.639216;
           0.043137        0.090196       0.647059;
           0.019608        0.070588       0.650980;
           0.007843        0.062745       0.658824;
           0.000000        0.058824       0.662745;
           0.000000        0.062745       0.666667;
           0.000000        0.062745       0.666667;
           0.000000        0.062745       0.666667;
           0.000000        0.062745       0.650980;
           0.000000        0.062745       0.619608;
           0.000000        0.058824       0.564706;
           0.000000        0.050980       0.490196;
           0.000000        0.047059       0.431373;
           0.000000        0.047059       0.411765;
           0.000000        0.050980       0.447059;
           0.000000        0.062745       0.521569;
           0.000000        0.074510       0.603922;
           0.000000        0.086275       0.666667;
           0.000000        0.094118       0.705882;
           0.000000        0.101961       0.729412;
           0.000000        0.105882       0.741176;
           0.000000        0.113725       0.749020;
           0.003922        0.121569       0.756863;
           0.011765        0.129412       0.760784;
           0.027451        0.149020       0.764706;
           0.058824        0.176471       0.768627;
           0.105882        0.223529       0.772549;
           0.168627        0.278431       0.780392;
           0.219608        0.321569       0.784314;
           0.235294        0.341176       0.788235;
           0.211765        0.325490       0.792157;
           0.156863        0.286275       0.796078;
           0.098039        0.243137       0.800000;
           0.054902        0.215686       0.803922;
           0.027451        0.200000       0.807843;
           0.011765        0.196078       0.811765;
           0.007843        0.196078       0.815686;
           0.007843        0.203922       0.819608;
           0.007843        0.207843       0.819608;
           0.007843        0.215686       0.811765;
           0.007843        0.215686       0.796078;
           0.007843        0.211765       0.760784;
           0.007843        0.200000       0.698039;
           0.007843        0.188235       0.627451;
           0.007843        0.172549       0.568627;
           0.007843        0.176471       0.552941;
           0.011765        0.196078       0.596078;
           0.015686        0.227451       0.670588;
           0.019608        0.262745       0.749020;
           0.023529        0.290196       0.807843;
           0.027451        0.313725       0.843137;
           0.031373        0.329412       0.862745;
           0.031373        0.345098       0.870588;
           0.039216        0.360784       0.878431;
           0.047059        0.376471       0.882353;
           0.058824        0.396078       0.886275;
           0.082353        0.419608       0.890196;
           0.121569        0.450980       0.894118;
           0.180392        0.498039       0.894118;
           0.250980        0.545098       0.898039;
           0.305882        0.584314       0.901961;
           0.321569        0.600000       0.905882;
           0.294118        0.596078       0.909804;
           0.239216        0.580392       0.909804;
           0.184314        0.564706       0.913725;
           0.149020        0.560784       0.917647;
           0.129412        0.564706       0.917647;
           0.125490        0.576471       0.921569;
           0.129412        0.592157       0.921569;
           0.137255        0.607843       0.925490;
           0.149020        0.623529       0.921569;
           0.156863        0.631373       0.913725;
           0.160784        0.635294       0.894118;
           0.164706        0.619608       0.850980;
           0.160784        0.588235       0.788235;
           0.156863        0.545098       0.713725;
           0.152941        0.513725       0.658824;
           0.160784        0.521569       0.647059;
           0.180392        0.568627       0.694118;
           0.215686        0.643137       0.768627;
           0.247059        0.721569       0.847059;
           0.278431        0.784314       0.898039;
           0.305882        0.827451       0.933333;
           0.329412        0.858824       0.949020;
           0.349020        0.882353       0.956863;
           0.368627        0.901961       0.960784;
           0.392157        0.917647       0.964706;
           0.415686        0.933333       0.964706;
           0.447059        0.949020       0.968627;
           0.490196        0.964706       0.968627;
           0.545098        0.968627       0.964706;
           0.600000        0.972549       0.956863;
           0.643137        0.972549       0.952941;
           0.662745        0.976471       0.949020;
           0.654902        0.976471       0.941176;
           0.643137        0.976471       0.933333;
           0.631373        0.980392       0.925490;
           0.635294        0.980392       0.917647;
           0.643137        0.980392       0.909804;
           0.662745        0.984314       0.905882;
           0.678431        0.984314       0.901961;
           0.698039        0.980392       0.898039;
           0.717647        0.976471       0.894118;
           0.729412        0.968627       0.882353;
           0.729412        0.941176       0.862745;
           0.709804        0.898039       0.819608;
           0.670588        0.831373       0.760784;
           0.623529        0.752941       0.694118;
           0.592157        0.701961       0.647059;
           0.600000        0.698039       0.647059;
           0.654902        0.749020       0.698039;
           0.737255        0.823529       0.772549;
           0.811765        0.894118       0.843137;
           0.870588        0.945098       0.898039;
           0.909804        0.972549       0.929412;
           0.933333        0.988235       0.949020;
           0.949020        0.992157       0.960784;
           0.960784        0.996078       0.968627;
           0.972549        0.996078       0.976471;
           0.980392        0.996078       0.980392;
           0.984314        0.996078       0.988235;
           0.992157        0.996078       0.992157;
           0.996078        0.996078       0.996078;
           0.996078        0.996078       0.996078;
           0.996078        0.996078       0.996078;
           0.996078        0.996078       0.996078;
           0.996078        0.996078       0.996078;
           0.996078        0.996078       0.996078;
           0.992157        0.996078       0.992157;
           0.988235        0.996078       0.984314;
           0.980392        0.996078       0.980392;
           0.976471        0.996078       0.972549;
           0.968627        0.996078       0.960784;
           0.960784        0.992157       0.949020;
           0.949020        0.988235       0.933333;
           0.929412        0.972549       0.909804;
           0.898039        0.945098       0.870588;
           0.843137        0.894118       0.811765;
           0.772549        0.823529       0.737255;
           0.698039        0.749020       0.654902;
           0.647059        0.698039       0.600000;
           0.647059        0.701961       0.592157;
           0.694118        0.752941       0.623529;
           0.760784        0.831373       0.670588;
           0.819608        0.898039       0.709804;
           0.862745        0.941176       0.729412;
