function map = colormaps_bright();
%
%================================================
%
%   function map = colormaps_bright();
%
%         Yusuke Uchiyama, UCLA, 23-Jun-2010
%
%================================================

map = [
           0.909804        0.592157       0.996078;
           0.901961        0.560784       0.996078;
           0.894118        0.529412       0.992157;
           0.886275        0.494118       0.992157;
           0.882353        0.462745       0.992157;
           0.874510        0.427451       0.992157;
           0.866667        0.396078       0.992157;
           0.858824        0.364706       0.992157;
           0.847059        0.329412       0.988235;
           0.835294        0.298039       0.988235;
           0.823529        0.262745       0.988235;
           0.811765        0.231373       0.988235;
           0.800000        0.200000       0.984314;
           0.788235        0.164706       0.984314;
           0.772549        0.137255       0.984314;
           0.756863        0.117647       0.980392;
           0.737255        0.098039       0.980392;
           0.721569        0.078431       0.976471;
           0.701961        0.058824       0.972549;
           0.686275        0.039216       0.972549;
           0.666667        0.019608       0.968627;
           0.650980        0.003922       0.968627;
           0.635294        0.003922       0.964706;
           0.619608        0.003922       0.960784;
           0.603922        0.000000       0.956863;
           0.588235        0.000000       0.952941;
           0.568627        0.000000       0.949020;
           0.552941        0.000000       0.945098;
           0.541176        0.000000       0.941176;
           0.525490        0.000000       0.937255;
           0.513725        0.000000       0.933333;
           0.501961        0.000000       0.933333;
           0.486275        0.000000       0.929412;
           0.474510        0.000000       0.925490;
           0.462745        0.000000       0.921569;
           0.450980        0.003922       0.917647;
           0.443137        0.015686       0.917647;
           0.435294        0.027451       0.913725;
           0.423529        0.035294       0.909804;
           0.415686        0.047059       0.909804;
           0.407843        0.058824       0.905882;
           0.400000        0.070588       0.901961;
           0.392157        0.086275       0.901961;
           0.388235        0.101961       0.901961;
           0.384314        0.121569       0.905882;
           0.380392        0.137255       0.905882;
           0.372549        0.156863       0.905882;
           0.368627        0.172549       0.905882;
           0.364706        0.192157       0.905882;
           0.360784        0.211765       0.909804;
           0.356863        0.231373       0.909804;
           0.356863        0.250980       0.913725;
           0.352941        0.270588       0.917647;
           0.349020        0.290196       0.921569;
           0.349020        0.309804       0.925490;
           0.345098        0.329412       0.925490;
           0.341176        0.349020       0.933333;
           0.341176        0.372549       0.937255;
           0.337255        0.396078       0.941176;
           0.337255        0.419608       0.949020;
           0.333333        0.443137       0.952941;
           0.333333        0.462745       0.956863;
           0.329412        0.486275       0.964706;
           0.329412        0.513725       0.968627;
           0.329412        0.537255       0.972549;
           0.325490        0.560784       0.976471;
           0.325490        0.584314       0.984314;
           0.325490        0.611765       0.988235;
           0.321569        0.635294       0.992157;
           0.321569        0.658824       0.996078;
           0.317647        0.682353       0.996078;
           0.317647        0.701961       0.996078;
           0.313725        0.725490       0.996078;
           0.309804        0.745098       0.996078;
           0.309804        0.768627       0.996078;
           0.305882        0.792157       0.996078;
           0.305882        0.811765       0.996078;
           0.298039        0.827451       0.988235;
           0.294118        0.843137       0.976471;
           0.290196        0.858824       0.968627;
           0.286275        0.874510       0.960784;
           0.282353        0.890196       0.952941;
           0.278431        0.905882       0.945098;
           0.270588        0.921569       0.937255;
           0.262745        0.933333       0.921569;
           0.254902        0.941176       0.905882;
           0.243137        0.952941       0.890196;
           0.235294        0.960784       0.874510;
           0.227451        0.972549       0.858824;
           0.215686        0.984314       0.843137;
           0.207843        0.988235       0.827451;
           0.196078        0.992157       0.807843;
           0.184314        0.992157       0.788235;
           0.172549        0.992157       0.764706;
           0.164706        0.996078       0.745098;
           0.152941        0.996078       0.725490;
           0.141176        0.996078       0.705882;
           0.129412        0.996078       0.682353;
           0.121569        0.996078       0.658824;
           0.113725        0.992157       0.635294;
           0.101961        0.992157       0.611765;
           0.094118        0.988235       0.588235;
           0.086275        0.988235       0.564706;
           0.074510        0.988235       0.541176;
           0.070588        0.980392       0.513725;
           0.062745        0.972549       0.486275;
           0.058824        0.964706       0.462745;
           0.054902        0.952941       0.435294;
           0.047059        0.945098       0.407843;
           0.043137        0.937255       0.384314;
           0.039216        0.925490       0.356863;
           0.035294        0.917647       0.333333;
           0.031373        0.905882       0.305882;
           0.031373        0.898039       0.282353;
           0.027451        0.886275       0.258824;
           0.027451        0.878431       0.235294;
           0.023529        0.866667       0.211765;
           0.023529        0.858824       0.188235;
           0.027451        0.850980       0.168627;
           0.027451        0.847059       0.149020;
           0.031373        0.839216       0.129412;
           0.035294        0.835294       0.113725;
           0.039216        0.827451       0.094118;
           0.039216        0.823529       0.074510;
           0.043137        0.815686       0.058824;
           0.054902        0.819608       0.047059;
           0.062745        0.823529       0.039216;
           0.074510        0.827451       0.031373;
           0.082353        0.831373       0.023529;
           0.094118        0.835294       0.015686;
           0.105882        0.839216       0.007843;
           0.113725        0.843137       0.000000;
           0.133333        0.850980       0.000000;
           0.152941        0.862745       0.000000;
           0.172549        0.870588       0.000000;
           0.188235        0.878431       0.000000;
           0.207843        0.890196       0.000000;
           0.227451        0.898039       0.000000;
           0.247059        0.905882       0.000000;
           0.270588        0.917647       0.000000;
           0.290196        0.929412       0.000000;
           0.313725        0.937255       0.000000;
           0.337255        0.949020       0.000000;
           0.360784        0.960784       0.000000;
           0.384314        0.968627       0.000000;
           0.407843        0.980392       0.000000;
           0.435294        0.980392       0.000000;
           0.462745        0.984314       0.000000;
           0.490196        0.988235       0.000000;
