function map = colormaps_extrema();
%
%================================================
%
%   function map = colormaps_extrema();
%
%         Yusuke Uchiyama, UCLA, 23-Jun-2010
%
%================================================

map = [
           0.000000        0.000000       1.000000;
           0.007843        0.000000       0.988235;
           0.019608        0.000000       0.976471;
           0.031373        0.003922       0.964706;
           0.043137        0.011765       0.952941;
           0.054902        0.035294       0.941176;
           0.066667        0.078431       0.929412;
           0.074510        0.152941       0.921569;
           0.086275        0.262745       0.909804;
           0.098039        0.411765       0.898039;
           0.105882        0.584314       0.890196;
           0.117647        0.756863       0.878431;
           0.125490        0.898039       0.870588;
           0.137255        0.984314       0.858824;
           0.145098        0.992157       0.850980;
           0.152941        0.933333       0.843137;
           0.164706        0.815686       0.831373;
           0.172549        0.670588       0.823529;
           0.180392        0.521569       0.815686;
           0.188235        0.388235       0.807843;
           0.196078        0.290196       0.800000;
           0.207843        0.231373       0.788235;
           0.215686        0.211765       0.780392;
           0.223529        0.239216       0.772549;
           0.231373        0.301961       0.764706;
           0.239216        0.396078       0.756863;
           0.243137        0.509804       0.752941;
           0.250980        0.635294       0.745098;
           0.258824        0.760784       0.737255;
           0.266667        0.866667       0.729412;
           0.274510        0.945098       0.721569;
           0.282353        0.988235       0.713725;
           0.286275        0.996078       0.709804;
           0.294118        0.964706       0.701961;
           0.301961        0.905882       0.694118;
           0.305882        0.819608       0.690196;
           0.313725        0.721569       0.682353;
           0.317647        0.619608       0.678431;
           0.325490        0.517647       0.670588;
           0.329412        0.427451       0.666667;
           0.337255        0.349020       0.658824;
           0.341176        0.290196       0.654902;
           0.345098        0.247059       0.650980;
           0.352941        0.219608       0.643137;
           0.356863        0.211765       0.639216;
           0.360784        0.223529       0.635294;
           0.364706        0.247059       0.631373;
           0.372549        0.282353       0.623529;
           0.376471        0.329412       0.619608;
           0.380392        0.388235       0.615686;
           0.384314        0.454902       0.611765;
           0.388235        0.521569       0.607843;
           0.392157        0.592157       0.603922;
           0.396078        0.662745       0.600000;
           0.400000        0.733333       0.596078;
           0.403922        0.796078       0.592157;
           0.407843        0.850980       0.588235;
           0.411765        0.898039       0.584314;
           0.415686        0.937255       0.580392;
           0.419608        0.968627       0.576471;
           0.423529        0.988235       0.572549;
           0.427451        0.996078       0.568627;
           0.431373        0.996078       0.564706;
           0.431373        0.992157       0.564706;
           0.435294        0.976471       0.560784;
           0.439216        0.956863       0.556863;
           0.443137        0.929412       0.552941;
           0.443137        0.898039       0.552941;
           0.447059        0.866667       0.549020;
           0.450980        0.827451       0.545098;
           0.450980        0.792157       0.545098;
           0.454902        0.752941       0.541176;
           0.454902        0.713725       0.541176;
           0.458824        0.678431       0.537255;
           0.458824        0.639216       0.537255;
           0.462745        0.603922       0.533333;
           0.462745        0.572549       0.533333;
           0.466667        0.537255       0.529412;
           0.466667        0.509804       0.529412;
           0.470588        0.478431       0.525490;
           0.470588        0.454902       0.525490;
           0.474510        0.427451       0.521569;
           0.474510        0.407843       0.521569;
           0.474510        0.384314       0.521569;
           0.478431        0.364706       0.517647;
           0.478431        0.349020       0.517647;
           0.478431        0.333333       0.517647;
           0.482353        0.317647       0.513725;
           0.482353        0.305882       0.513725;
           0.482353        0.294118       0.513725;
           0.486275        0.286275       0.509804;
           0.486275        0.274510       0.509804;
           0.486275        0.266667       0.509804;
           0.486275        0.258824       0.509804;
           0.490196        0.254902       0.505882;
           0.490196        0.247059       0.505882;
           0.490196        0.243137       0.505882;
           0.490196        0.239216       0.505882;
           0.490196        0.235294       0.505882;
           0.494118        0.231373       0.501961;
           0.494118        0.231373       0.501961;
           0.494118        0.227451       0.501961;
           0.494118        0.223529       0.501961;
           0.494118        0.223529       0.501961;
           0.494118        0.223529       0.501961;
           0.494118        0.219608       0.501961;
           0.494118        0.219608       0.501961;
           0.494118        0.219608       0.501961;
           0.498039        0.219608       0.498039;
           0.498039        0.215686       0.498039;
           0.498039        0.215686       0.498039;
           0.498039        0.215686       0.498039;
           0.498039        0.215686       0.498039;
           0.498039        0.215686       0.498039;
           0.498039        0.215686       0.498039;
           0.498039        0.215686       0.498039;
           0.498039        0.215686       0.498039;
           0.498039        0.215686       0.498039;
           0.498039        0.215686       0.498039;
           0.498039        0.215686       0.498039;
           0.498039        0.215686       0.498039;
           0.498039        0.215686       0.498039;
           0.498039        0.215686       0.498039;
           0.498039        0.215686       0.498039;
           0.498039        0.215686       0.498039;
           0.498039        0.215686       0.498039;
           0.498039        0.215686       0.498039;
           0.498039        0.215686       0.498039;
           0.498039        0.215686       0.498039;
           0.498039        0.215686       0.498039;
           0.498039        0.215686       0.498039;
           0.498039        0.215686       0.498039;
           0.498039        0.215686       0.498039;
           0.498039        0.215686       0.498039;
           0.498039        0.215686       0.498039;
           0.498039        0.215686       0.498039;
           0.498039        0.215686       0.498039;
           0.498039        0.215686       0.498039;
           0.498039        0.215686       0.498039;
           0.498039        0.215686       0.498039;
           0.498039        0.215686       0.498039;
           0.498039        0.215686       0.498039;
           0.498039        0.215686       0.498039;
           0.498039        0.211765       0.498039;
           0.498039        0.211765       0.498039;
           0.498039        0.211765       0.498039;
           0.498039        0.211765       0.498039;
           0.498039        0.211765       0.498039;
           0.498039        0.211765       0.498039;
