function map = colormaps_helix2();
%
%================================================
%
%   function map = colormaps_helix2();
%
%         Yusuke Uchiyama, UCLA, 23-Jun-2010
%
%================================================

map = [
           0.000000        0.000000       0.000000;
           0.000000        0.000000       0.000000;
           0.003922        0.003922       0.003922;
           0.007843        0.003922       0.003922;
           0.011765        0.007843       0.007843;
           0.015686        0.007843       0.007843;
           0.019608        0.011765       0.011765;
           0.023529        0.015686       0.015686;
           0.027451        0.015686       0.015686;
           0.027451        0.019608       0.019608;
           0.031373        0.023529       0.023529;
           0.035294        0.023529       0.023529;
           0.039216        0.027451       0.027451;
           0.039216        0.031373       0.031373;
           0.043137        0.035294       0.035294;
           0.047059        0.039216       0.039216;
           0.047059        0.043137       0.043137;
           0.050980        0.043137       0.043137;
           0.054902        0.047059       0.047059;
           0.054902        0.050980       0.050980;
           0.058824        0.054902       0.054902;
           0.058824        0.058824       0.058824;
           0.062745        0.062745       0.062745;
           0.062745        0.066667       0.066667;
           0.066667        0.070588       0.070588;
           0.066667        0.074510       0.074510;
           0.070588        0.078431       0.078431;
           0.070588        0.082353       0.082353;
           0.070588        0.086275       0.086275;
           0.074510        0.090196       0.090196;
           0.074510        0.098039       0.098039;
           0.074510        0.101961       0.101961;
           0.078431        0.105882       0.105882;
           0.078431        0.109804       0.109804;
           0.078431        0.113725       0.113725;
           0.078431        0.117647       0.117647;
           0.078431        0.121569       0.121569;
           0.082353        0.129412       0.129412;
           0.082353        0.133333       0.133333;
           0.082353        0.137255       0.137255;
           0.082353        0.141176       0.141176;
           0.082353        0.145098       0.145098;
           0.082353        0.152941       0.152941;
           0.082353        0.156863       0.156863;
           0.082353        0.160784       0.160784;
           0.082353        0.164706       0.164706;
           0.082353        0.168627       0.168627;
           0.082353        0.172549       0.172549;
           0.078431        0.180392       0.180392;
           0.078431        0.184314       0.184314;
           0.078431        0.188235       0.188235;
           0.078431        0.192157       0.192157;
           0.078431        0.196078       0.196078;
           0.074510        0.203922       0.203922;
           0.074510        0.207843       0.207843;
           0.074510        0.211765       0.211765;
           0.070588        0.215686       0.215686;
           0.070588        0.219608       0.219608;
           0.070588        0.223529       0.223529;
           0.066667        0.227451       0.227451;
           0.066667        0.231373       0.231373;
           0.066667        0.235294       0.235294;
           0.062745        0.239216       0.239216;
           0.062745        0.243137       0.243137;
           0.062745        0.247059       0.247059;
           0.058824        0.250980       0.250980;
           0.058824        0.254902       0.254902;
           0.054902        0.258824       0.258824;
           0.054902        0.262745       0.262745;
           0.050980        0.266667       0.266667;
           0.050980        0.270588       0.270588;
           0.047059        0.274510       0.274510;
           0.047059        0.278431       0.278431;
           0.043137        0.282353       0.282353;
           0.043137        0.282353       0.282353;
           0.039216        0.286275       0.286275;
           0.039216        0.290196       0.290196;
           0.035294        0.294118       0.294118;
           0.035294        0.294118       0.294118;
           0.031373        0.298039       0.298039;
           0.031373        0.298039       0.298039;
           0.027451        0.301961       0.301961;
           0.027451        0.305882       0.305882;
           0.023529        0.305882       0.305882;
           0.023529        0.309804       0.309804;
           0.019608        0.309804       0.309804;
           0.019608        0.309804       0.309804;
           0.015686        0.313725       0.313725;
           0.015686        0.313725       0.313725;
           0.015686        0.313725       0.313725;
           0.011765        0.317647       0.317647;
           0.011765        0.317647       0.317647;
           0.007843        0.317647       0.317647;
           0.007843        0.317647       0.317647;
           0.007843        0.317647       0.317647;
           0.003922        0.317647       0.317647;
           0.003922        0.317647       0.317647;
           0.003922        0.317647       0.317647;
           0.003922        0.317647       0.317647;
           0.000000        0.317647       0.317647;
           0.000000        0.317647       0.317647;
           0.000000        0.317647       0.317647;
           0.000000        0.317647       0.317647;
           0.000000        0.317647       0.317647;
           0.000000        0.313725       0.313725;
           0.000000        0.313725       0.313725;
           0.000000        0.313725       0.313725;
           0.000000        0.309804       0.309804;
           0.000000        0.309804       0.309804;
           0.000000        0.309804       0.309804;
           0.000000        0.305882       0.305882;
           0.000000        0.301961       0.301961;
           0.000000        0.301961       0.301961;
           0.000000        0.298039       0.298039;
           0.000000        0.298039       0.298039;
           0.003922        0.294118       0.294118;
           0.003922        0.290196       0.290196;
           0.003922        0.290196       0.290196;
           0.007843        0.286275       0.286275;
           0.007843        0.282353       0.282353;
           0.011765        0.278431       0.278431;
           0.011765        0.274510       0.274510;
           0.015686        0.270588       0.270588;
           0.015686        0.270588       0.270588;
           0.019608        0.266667       0.266667;
           0.023529        0.262745       0.262745;
           0.023529        0.258824       0.258824;
           0.027451        0.254902       0.254902;
           0.031373        0.250980       0.250980;
           0.035294        0.243137       0.243137;
           0.039216        0.239216       0.239216;
           0.043137        0.235294       0.235294;
           0.047059        0.231373       0.231373;
           0.050980        0.227451       0.227451;
           0.054902        0.223529       0.223529;
           0.058824        0.215686       0.215686;
           0.062745        0.211765       0.211765;
           0.070588        0.207843       0.207843;
           0.074510        0.203922       0.203922;
           0.078431        0.196078       0.196078;
           0.086275        0.192157       0.192157;
           0.090196        0.188235       0.188235;
           0.098039        0.184314       0.184314;
           0.101961        0.176471       0.176471;
           0.109804        0.172549       0.172549;
           0.113725        0.168627       0.168627;
           0.121569        0.160784       0.160784;
           0.129412        0.156863       0.156863;
           0.133333        0.152941       0.152941;
