function map = colormaps_3saw();
%
%================================================
%
%   function map = colormaps_3saw();
%
%         Yusuke Uchiyama, UCLA, 23-Jun-2010
%
%================================================

map = [
           0.000000        1.000000       1.000000;
           0.003922        0.984314       1.000000;
           0.007843        0.964706       0.996078;
           0.011765        0.945098       0.992157;
           0.015686        0.925490       0.988235;
           0.019608        0.905882       0.984314;
           0.023529        0.886275       0.980392;
           0.027451        0.866667       0.976471;
           0.031373        0.847059       0.972549;
           0.035294        0.827451       0.968627;
           0.039216        0.807843       0.964706;
           0.043137        0.788235       0.960784;
           0.047059        0.768627       0.956863;
           0.050980        0.749020       0.952941;
           0.054902        0.729412       0.949020;
           0.058824        0.709804       0.945098;
           0.062745        0.690196       0.941176;
           0.066667        0.670588       0.937255;
           0.070588        0.650980       0.933333;
           0.074510        0.631373       0.929412;
           0.078431        0.611765       0.925490;
           0.082353        0.592157       0.921569;
           0.086275        0.572549       0.917647;
           0.090196        0.552941       0.913725;
           0.094118        0.533333       0.909804;
           0.098039        0.513725       0.905882;
           0.101961        0.494118       0.901961;
           0.105882        0.474510       0.898039;
           0.109804        0.454902       0.894118;
           0.113725        0.435294       0.890196;
           0.117647        0.415686       0.886275;
           0.121569        0.396078       0.882353;
           0.125490        0.376471       0.878431;
           0.129412        0.356863       0.874510;
           0.133333        0.337255       0.870588;
           0.137255        0.317647       0.866667;
           0.141176        0.298039       0.862745;
           0.145098        0.278431       0.858824;
           0.149020        0.258824       0.854902;
           0.152941        0.239216       0.850980;
           0.156863        0.219608       0.847059;
           0.160784        0.200000       0.843137;
           0.164706        0.180392       0.839216;
           0.168627        0.160784       0.835294;
           0.172549        0.141176       0.831373;
           0.176471        0.121569       0.827451;
           0.180392        0.101961       0.823529;
           0.184314        0.082353       0.819608;
           0.188235        0.062745       0.815686;
           0.192157        0.043137       0.811765;
           0.196078        0.023529       0.807843;
           0.200000        0.003922       0.803922;
           0.203922        0.988235       0.800000;
           0.207843        0.968627       0.796078;
           0.211765        0.949020       0.792157;
           0.215686        0.929412       0.788235;
           0.219608        0.909804       0.784314;
           0.223529        0.890196       0.780392;
           0.227451        0.870588       0.776471;
           0.231373        0.850980       0.772549;
           0.235294        0.831373       0.768627;
           0.239216        0.811765       0.764706;
           0.243137        0.792157       0.760784;
           0.247059        0.772549       0.756863;
           0.250980        0.752941       0.752941;
           0.254902        0.733333       0.749020;
           0.258824        0.713725       0.745098;
           0.262745        0.694118       0.741176;
           0.266667        0.674510       0.737255;
           0.270588        0.654902       0.733333;
           0.274510        0.635294       0.729412;
           0.278431        0.615686       0.725490;
           0.282353        0.596078       0.721569;
           0.286275        0.576471       0.717647;
           0.290196        0.556863       0.713725;
           0.294118        0.537255       0.709804;
           0.298039        0.517647       0.705882;
           0.301961        0.498039       0.701961;
           0.305882        0.478431       0.698039;
           0.309804        0.458824       0.694118;
           0.313725        0.439216       0.690196;
           0.317647        0.419608       0.686275;
           0.321569        0.400000       0.682353;
           0.325490        0.380392       0.678431;
           0.329412        0.360784       0.674510;
           0.333333        0.341176       0.670588;
           0.337255        0.321569       0.666667;
           0.341176        0.301961       0.662745;
           0.345098        0.282353       0.658824;
           0.349020        0.262745       0.654902;
           0.352941        0.243137       0.650980;
           0.356863        0.223529       0.647059;
           0.360784        0.203922       0.643137;
           0.364706        0.184314       0.639216;
           0.368627        0.164706       0.635294;
           0.372549        0.145098       0.631373;
           0.376471        0.125490       0.627451;
           0.380392        0.105882       0.623529;
           0.384314        0.086275       0.619608;
           0.388235        0.066667       0.615686;
           0.392157        0.047059       0.611765;
           0.396078        0.027451       0.607843;
           0.400000        0.007843       0.603922;
           0.403922        0.992157       0.600000;
           0.407843        0.972549       0.596078;
           0.411765        0.952941       0.592157;
           0.415686        0.933333       0.588235;
           0.419608        0.913725       0.584314;
           0.423529        0.894118       0.580392;
           0.427451        0.874510       0.576471;
           0.431373        0.854902       0.572549;
           0.435294        0.835294       0.568627;
           0.439216        0.815686       0.564706;
           0.443137        0.796078       0.560784;
           0.447059        0.776471       0.556863;
           0.450980        0.756863       0.552941;
           0.454902        0.737255       0.549020;
           0.458824        0.717647       0.545098;
           0.462745        0.698039       0.541176;
           0.466667        0.678431       0.537255;
           0.470588        0.658824       0.533333;
           0.474510        0.639216       0.529412;
           0.478431        0.619608       0.525490;
           0.482353        0.600000       0.521569;
           0.486275        0.580392       0.517647;
           0.490196        0.560784       0.513725;
           0.494118        0.541176       0.509804;
           0.498039        0.521569       0.505882;
           0.501961        0.501961       0.501961;
           0.505882        0.482353       0.498039;
           0.509804        0.462745       0.494118;
           0.513725        0.443137       0.490196;
           0.517647        0.423529       0.486275;
           0.521569        0.403922       0.482353;
           0.525490        0.384314       0.478431;
           0.529412        0.364706       0.474510;
           0.533333        0.345098       0.470588;
           0.537255        0.325490       0.466667;
           0.541176        0.305882       0.462745;
           0.545098        0.286275       0.458824;
           0.549020        0.266667       0.454902;
           0.552941        0.247059       0.450980;
           0.556863        0.227451       0.447059;
           0.560784        0.207843       0.443137;
           0.564706        0.188235       0.439216;
           0.568627        0.168627       0.435294;
           0.572549        0.149020       0.431373;
           0.576471        0.129412       0.427451;
           0.580392        0.109804       0.423529;
