function map = colormaps_wheel();
%
%================================================
%
%   function map = colormaps_wheel();
%
%         Yusuke Uchiyama, UCLA, 23-Jun-2010
%
%================================================

map = [
           1.000000        0.000000       1.000000;
           0.976471        0.000000       1.000000;
           0.949020        0.000000       1.000000;
           0.929412        0.000000       1.000000;
           0.901961        0.000000       1.000000;
           0.878431        0.000000       1.000000;
           0.858824        0.000000       1.000000;
           0.831373        0.000000       1.000000;
           0.807843        0.000000       1.000000;
           0.788235        0.000000       1.000000;
           0.764706        0.000000       1.000000;
           0.737255        0.000000       1.000000;
           0.717647        0.000000       1.000000;
           0.694118        0.000000       1.000000;
           0.666667        0.000000       1.000000;
           0.647059        0.000000       1.000000;
           0.623529        0.000000       1.000000;
           0.600000        0.000000       1.000000;
           0.576471        0.000000       1.000000;
           0.549020        0.000000       1.000000;
           0.529412        0.000000       1.000000;
           0.501961        0.000000       1.000000;
           0.478431        0.000000       1.000000;
           0.458824        0.000000       1.000000;
           0.431373        0.000000       1.000000;
           0.407843        0.000000       1.000000;
           0.388235        0.000000       1.000000;
           0.364706        0.000000       1.000000;
           0.337255        0.000000       1.000000;
           0.317647        0.000000       1.000000;
           0.294118        0.000000       1.000000;
           0.266667        0.000000       1.000000;
           0.247059        0.000000       1.000000;
           0.223529        0.000000       1.000000;
           0.200000        0.000000       1.000000;
           0.176471        0.000000       1.000000;
           0.149020        0.000000       1.000000;
           0.129412        0.000000       1.000000;
           0.101961        0.000000       1.000000;
           0.078431        0.000000       1.000000;
           0.058824        0.000000       1.000000;
           0.031373        0.000000       1.000000;
           0.007843        0.000000       1.000000;
           0.000000        0.007843       1.000000;
           0.000000        0.031373       1.000000;
           0.000000        0.058824       1.000000;
           0.000000        0.078431       1.000000;
           0.000000        0.101961       1.000000;
           0.000000        0.129412       1.000000;
           0.000000        0.149020       1.000000;
           0.000000        0.172549       1.000000;
           0.000000        0.200000       1.000000;
           0.000000        0.219608       1.000000;
           0.000000        0.243137       1.000000;
           0.000000        0.266667       1.000000;
           0.000000        0.294118       1.000000;
           0.000000        0.313725       1.000000;
           0.000000        0.337255       1.000000;
           0.000000        0.364706       1.000000;
           0.000000        0.384314       1.000000;
           0.000000        0.407843       1.000000;
           0.000000        0.431373       1.000000;
           0.000000        0.454902       1.000000;
           0.000000        0.478431       1.000000;
           0.000000        0.501961       1.000000;
           0.000000        0.529412       1.000000;
           0.000000        0.552941       1.000000;
           0.000000        0.576471       1.000000;
           0.000000        0.600000       1.000000;
           0.000000        0.623529       1.000000;
           0.000000        0.647059       1.000000;
           0.000000        0.666667       1.000000;
           0.000000        0.694118       1.000000;
           0.000000        0.717647       1.000000;
           0.000000        0.741176       1.000000;
           0.000000        0.764706       1.000000;
           0.000000        0.788235       1.000000;
           0.000000        0.811765       1.000000;
           0.000000        0.831373       1.000000;
           0.000000        0.858824       1.000000;
           0.000000        0.882353       1.000000;
           0.000000        0.901961       1.000000;
           0.000000        0.929412       1.000000;
           0.000000        0.952941       1.000000;
           0.000000        0.976471       1.000000;
           0.000000        1.000000       1.000000;
           0.000000        1.000000       0.972549;
           0.000000        1.000000       0.949020;
           0.000000        1.000000       0.929412;
           0.000000        1.000000       0.901961;
           0.000000        1.000000       0.878431;
           0.000000        1.000000       0.858824;
           0.000000        1.000000       0.831373;
           0.000000        1.000000       0.807843;
           0.000000        1.000000       0.788235;
           0.000000        1.000000       0.764706;
           0.000000        1.000000       0.737255;
           0.000000        1.000000       0.717647;
           0.000000        1.000000       0.694118;
           0.000000        1.000000       0.666667;
           0.000000        1.000000       0.647059;
           0.000000        1.000000       0.619608;
           0.000000        1.000000       0.600000;
           0.000000        1.000000       0.572549;
           0.000000        1.000000       0.549020;
           0.000000        1.000000       0.529412;
           0.000000        1.000000       0.501961;
           0.000000        1.000000       0.478431;
           0.000000        1.000000       0.458824;
           0.000000        1.000000       0.431373;
           0.000000        1.000000       0.407843;
           0.000000        1.000000       0.388235;
           0.000000        1.000000       0.364706;
           0.000000        1.000000       0.337255;
           0.000000        1.000000       0.317647;
           0.000000        1.000000       0.294118;
           0.000000        1.000000       0.266667;
           0.000000        1.000000       0.247059;
           0.000000        1.000000       0.219608;
           0.000000        1.000000       0.200000;
           0.000000        1.000000       0.176471;
           0.000000        1.000000       0.149020;
           0.000000        1.000000       0.129412;
           0.000000        1.000000       0.101961;
           0.000000        1.000000       0.078431;
           0.000000        1.000000       0.058824;
           0.000000        1.000000       0.031373;
           0.000000        1.000000       0.007843;
           0.011765        1.000000       0.000000;
           0.035294        1.000000       0.000000;
           0.058824        1.000000       0.000000;
           0.082353        1.000000       0.000000;
           0.105882        1.000000       0.000000;
           0.129412        1.000000       0.000000;
           0.152941        1.000000       0.000000;
           0.176471        1.000000       0.000000;
           0.200000        1.000000       0.000000;
           0.223529        1.000000       0.000000;
           0.247059        1.000000       0.000000;
           0.270588        1.000000       0.000000;
           0.294118        1.000000       0.000000;
           0.317647        1.000000       0.000000;
           0.341176        1.000000       0.000000;
           0.364706        1.000000       0.000000;
           0.388235        1.000000       0.000000;
           0.411765        1.000000       0.000000;
           0.435294        1.000000       0.000000;
           0.458824        1.000000       0.000000;
           0.482353        1.000000       0.000000;
