function map = colormaps_jaisnc();
%
%================================================
%
%   function map = colormaps_jaisnc();
%
%         Yusuke Uchiyama, UCLA, 23-Jun-2010
%
%================================================

map = [
           0.341176        0.000000       0.498039;
           0.345098        0.000000       0.521569;
           0.345098        0.000000       0.545098;
           0.341176        0.000000       0.564706;
           0.337255        0.000000       0.588235;
           0.333333        0.000000       0.607843;
           0.325490        0.000000       0.627451;
           0.317647        0.000000       0.647059;
           0.305882        0.000000       0.662745;
           0.294118        0.000000       0.682353;
           0.282353        0.000000       0.698039;
           0.266667        0.000000       0.713725;
           0.254902        0.000000       0.729412;
           0.235294        0.000000       0.745098;
           0.219608        0.000000       0.760784;
           0.200000        0.000000       0.772549;
           0.180392        0.000000       0.788235;
           0.160784        0.000000       0.800000;
           0.141176        0.000000       0.811765;
           0.121569        0.000000       0.823529;
           0.098039        0.000000       0.835294;
           0.074510        0.000000       0.847059;
           0.050980        0.000000       0.858824;
           0.031373        0.000000       0.866667;
           0.007843        0.000000       0.878431;
           0.000000        0.015686       0.886275;
           0.000000        0.039216       0.894118;
           0.000000        0.062745       0.901961;
           0.000000        0.086275       0.909804;
           0.000000        0.109804       0.917647;
           0.000000        0.133333       0.925490;
           0.000000        0.160784       0.929412;
           0.000000        0.184314       0.937255;
           0.000000        0.207843       0.941176;
           0.000000        0.231373       0.949020;
           0.000000        0.254902       0.952941;
           0.000000        0.278431       0.956863;
           0.000000        0.301961       0.960784;
           0.000000        0.325490       0.964706;
           0.000000        0.345098       0.968627;
           0.000000        0.368627       0.972549;
           0.000000        0.388235       0.976471;
           0.000000        0.411765       0.976471;
           0.000000        0.431373       0.980392;
           0.000000        0.450980       0.984314;
           0.000000        0.470588       0.984314;
           0.000000        0.490196       0.988235;
           0.000000        0.509804       0.988235;
           0.000000        0.525490       0.992157;
           0.000000        0.545098       0.992157;
           0.000000        0.560784       0.992157;
           0.000000        0.580392       0.992157;
           0.000000        0.596078       0.996078;
           0.000000        0.611765       0.996078;
           0.000000        0.627451       0.996078;
           0.000000        0.639216       0.996078;
           0.000000        0.654902       0.996078;
           0.000000        0.670588       0.996078;
           0.000000        0.682353       0.996078;
           0.000000        0.698039       0.996078;
           0.000000        0.709804       0.996078;
           0.003922        0.725490       0.996078;
           0.003922        0.737255       0.996078;
           0.007843        0.749020       0.996078;
           0.007843        0.760784       1.000000;
           0.011765        0.772549       1.000000;
           0.015686        0.784314       1.000000;
           0.019608        0.796078       1.000000;
           0.023529        0.807843       1.000000;
           0.027451        0.819608       1.000000;
           0.031373        0.831373       1.000000;
           0.035294        0.843137       1.000000;
           0.039216        0.850980       1.000000;
           0.047059        0.862745       1.000000;
           0.050980        0.874510       1.000000;
           0.058824        0.886275       1.000000;
           0.062745        0.894118       1.000000;
           0.070588        0.905882       1.000000;
           0.078431        0.913725       1.000000;
           0.082353        0.925490       1.000000;
           0.090196        0.937255       1.000000;
           0.098039        0.945098       1.000000;
           0.109804        0.956863       1.000000;
           0.117647        0.964706       1.000000;
           0.125490        0.976471       1.000000;
           0.133333        0.984314       1.000000;
           0.145098        0.996078       1.000000;
           0.152941        1.000000       0.992157;
           0.164706        1.000000       0.984314;
           0.176471        1.000000       0.972549;
           0.184314        1.000000       0.964706;
           0.196078        1.000000       0.956863;
           0.207843        1.000000       0.945098;
           0.219608        1.000000       0.937255;
           0.231373        1.000000       0.929412;
           0.247059        1.000000       0.921569;
           0.258824        1.000000       0.913725;
           0.270588        1.000000       0.905882;
           0.286275        1.000000       0.898039;
           0.298039        1.000000       0.890196;
           0.313725        1.000000       0.882353;
           0.329412        1.000000       0.874510;
           0.345098        1.000000       0.866667;
           0.356863        1.000000       0.862745;
           0.376471        1.000000       0.854902;
           0.392157        1.000000       0.850980;
           0.407843        1.000000       0.847059;
           0.423529        1.000000       0.843137;
           0.443137        1.000000       0.839216;
           0.458824        1.000000       0.835294;
           0.478431        1.000000       0.831373;
           0.498039        1.000000       0.831373;
           0.517647        1.000000       0.831373;
           0.537255        1.000000       0.831373;
           0.556863        1.000000       0.831373;
           0.580392        1.000000       0.831373;
           0.603922        1.000000       0.835294;
           0.623529        1.000000       0.839216;
           0.647059        1.000000       0.843137;
           0.674510        1.000000       0.850980;
           0.698039        1.000000       0.854902;
           0.725490        1.000000       0.866667;
           0.752941        1.000000       0.874510;
           0.784314        1.000000       0.886275;
           0.819608        1.000000       0.901961;
           0.854902        1.000000       0.917647;
           0.898039        1.000000       0.941176;
           0.952941        1.000000       0.972549;
           0.972549        1.000000       0.952941;
           0.941176        1.000000       0.898039;
           0.917647        1.000000       0.854902;
           0.901961        1.000000       0.819608;
           0.886275        1.000000       0.784314;
           0.874510        1.000000       0.752941;
           0.866667        1.000000       0.725490;
           0.854902        1.000000       0.698039;
           0.850980        1.000000       0.674510;
           0.843137        1.000000       0.647059;
           0.839216        1.000000       0.623529;
           0.835294        1.000000       0.603922;
           0.831373        1.000000       0.580392;
           0.831373        1.000000       0.556863;
           0.831373        1.000000       0.537255;
           0.831373        1.000000       0.517647;
           0.831373        1.000000       0.498039;
           0.831373        1.000000       0.478431;
           0.835294        1.000000       0.458824;
           0.839216        1.000000       0.443137;
           0.843137        1.000000       0.423529;
