function map = colormaps_detail();
%
%================================================
%
%   function map = colormaps_detail();
%
%         Yusuke Uchiyama, UCLA, 23-Jun-2010
%
%================================================

map = [
           0.000000        0.000000       1.000000;
           0.000000        0.039216       1.000000;
           0.003922        0.078431       0.996078;
           0.007843        0.156863       0.992157;
           0.011765        0.235294       0.988235;
           0.015686        0.313725       0.984314;
           0.019608        0.447059       0.980392;
           0.023529        0.568627       0.976471;
           0.027451        0.686275       0.972549;
           0.031373        0.792157       0.968627;
           0.035294        0.882353       0.964706;
           0.039216        0.945098       0.960784;
           0.043137        0.984314       0.956863;
           0.047059        0.992157       0.952941;
           0.050980        0.972549       0.949020;
           0.054902        0.921569       0.945098;
           0.058824        0.847059       0.941176;
           0.062745        0.752941       0.937255;
           0.066667        0.639216       0.933333;
           0.070588        0.521569       0.929412;
           0.074510        0.400000       0.925490;
           0.078431        0.282353       0.921569;
           0.082353        0.180392       0.917647;
           0.086275        0.094118       0.913725;
           0.090196        0.035294       0.909804;
           0.094118        0.003922       0.905882;
           0.098039        0.000000       0.901961;
           0.101961        0.027451       0.898039;
           0.105882        0.082353       0.894118;
           0.109804        0.160784       0.890196;
           0.113725        0.262745       0.886275;
           0.117647        0.376471       0.882353;
           0.121569        0.494118       0.878431;
           0.125490        0.615686       0.874510;
           0.129412        0.729412       0.870588;
           0.133333        0.831373       0.866667;
           0.137255        0.909804       0.862745;
           0.141176        0.964706       0.858824;
           0.145098        0.992157       0.854902;
           0.149020        0.988235       0.850980;
           0.152941        0.956863       0.847059;
           0.156863        0.898039       0.843137;
           0.160784        0.811765       0.839216;
           0.164706        0.709804       0.835294;
           0.168627        0.592157       0.831373;
           0.172549        0.470588       0.827451;
           0.176471        0.352941       0.823529;
           0.180392        0.239216       0.819608;
           0.184314        0.145098       0.815686;
           0.188235        0.070588       0.811765;
           0.192157        0.019608       0.807843;
           0.196078        0.000000       0.803922;
           0.200000        0.007843       0.800000;
           0.203922        0.047059       0.796078;
           0.207843        0.109804       0.792157;
           0.211765        0.200000       0.788235;
           0.215686        0.305882       0.784314;
           0.219608        0.423529       0.780392;
           0.223529        0.545098       0.776471;
           0.227451        0.662745       0.772549;
           0.231373        0.772549       0.768627;
           0.235294        0.866667       0.764706;
           0.239216        0.937255       0.760784;
           0.243137        0.980392       0.756863;
           0.247059        0.996078       0.752941;
           0.250980        0.980392       0.749020;
           0.254902        0.937255       0.745098;
           0.258824        0.866667       0.741176;
           0.262745        0.772549       0.737255;
           0.266667        0.662745       0.733333;
           0.270588        0.545098       0.729412;
           0.274510        0.423529       0.725490;
           0.278431        0.305882       0.721569;
           0.282353        0.200000       0.717647;
           0.286275        0.109804       0.713725;
           0.290196        0.047059       0.709804;
           0.294118        0.007843       0.705882;
           0.298039        0.000000       0.701961;
           0.301961        0.019608       0.698039;
           0.305882        0.070588       0.694118;
           0.309804        0.145098       0.690196;
           0.313725        0.239216       0.686275;
           0.317647        0.352941       0.682353;
           0.321569        0.470588       0.678431;
           0.325490        0.592157       0.674510;
           0.329412        0.709804       0.670588;
           0.333333        0.811765       0.666667;
           0.337255        0.898039       0.662745;
           0.341176        0.956863       0.658824;
           0.345098        0.988235       0.654902;
           0.349020        0.992157       0.650980;
           0.352941        0.964706       0.647059;
           0.356863        0.909804       0.643137;
           0.360784        0.831373       0.639216;
           0.364706        0.729412       0.635294;
           0.368627        0.615686       0.631373;
           0.372549        0.498039       0.627451;
           0.376471        0.376471       0.623529;
           0.380392        0.262745       0.619608;
           0.384314        0.160784       0.615686;
           0.388235        0.082353       0.611765;
           0.392157        0.027451       0.607843;
           0.396078        0.000000       0.603922;
           0.400000        0.003922       0.600000;
           0.403922        0.035294       0.596078;
           0.407843        0.094118       0.592157;
           0.411765        0.180392       0.588235;
           0.415686        0.282353       0.584314;
           0.419608        0.400000       0.580392;
           0.423529        0.521569       0.576471;
           0.427451        0.639216       0.572549;
           0.431373        0.752941       0.568627;
           0.435294        0.847059       0.564706;
           0.439216        0.921569       0.560784;
           0.443137        0.972549       0.556863;
           0.447059        0.992157       0.552941;
           0.450980        0.984314       0.549020;
           0.454902        0.945098       0.545098;
           0.458824        0.882353       0.541176;
           0.462745        0.792157       0.537255;
           0.466667        0.686275       0.533333;
           0.470588        0.568627       0.529412;
           0.474510        0.447059       0.525490;
           0.478431        0.329412       0.521569;
           0.482353        0.219608       0.517647;
           0.486275        0.125490       0.513725;
           0.490196        0.054902       0.509804;
           0.494118        0.011765       0.505882;
           0.498039        0.000000       0.501961;
           0.501961        0.011765       0.498039;
           0.505882        0.054902       0.494118;
           0.509804        0.125490       0.490196;
           0.513725        0.219608       0.486275;
           0.517647        0.329412       0.482353;
           0.521569        0.447059       0.478431;
           0.525490        0.568627       0.474510;
           0.529412        0.686275       0.470588;
           0.533333        0.792157       0.466667;
           0.537255        0.882353       0.462745;
           0.541176        0.945098       0.458824;
           0.545098        0.984314       0.454902;
           0.549020        0.992157       0.450980;
           0.552941        0.972549       0.447059;
           0.556863        0.921569       0.443137;
           0.560784        0.847059       0.439216;
           0.564706        0.752941       0.435294;
           0.568627        0.639216       0.431373;
           0.572549        0.521569       0.427451;
           0.576471        0.400000       0.423529;
