function map = colormaps_blue_red();
%
%================================================
%
%   function map = colormaps_blue_red();
%
%         Yusuke Uchiyama, UCLA, 23-Jun-2010
%
%================================================

map = [
           0.000000        0.000000       0.498039;
           0.000000        0.000000       0.509804;
           0.000000        0.000000       0.521569;
           0.000000        0.000000       0.533333;
           0.000000        0.000000       0.545098;
           0.000000        0.000000       0.556863;
           0.000000        0.000000       0.568627;
           0.000000        0.000000       0.580392;
           0.000000        0.000000       0.592157;
           0.000000        0.000000       0.603922;
           0.000000        0.000000       0.615686;
           0.000000        0.000000       0.627451;
           0.000000        0.000000       0.639216;
           0.000000        0.000000       0.650980;
           0.000000        0.000000       0.662745;
           0.000000        0.000000       0.674510;
           0.000000        0.000000       0.686275;
           0.000000        0.000000       0.698039;
           0.000000        0.000000       0.709804;
           0.000000        0.000000       0.721569;
           0.000000        0.000000       0.733333;
           0.000000        0.000000       0.745098;
           0.000000        0.000000       0.756863;
           0.000000        0.000000       0.768627;
           0.000000        0.000000       0.780392;
           0.000000        0.000000       0.792157;
           0.000000        0.000000       0.803922;
           0.000000        0.000000       0.815686;
           0.000000        0.000000       0.827451;
           0.000000        0.000000       0.839216;
           0.000000        0.000000       0.850980;
           0.000000        0.000000       0.862745;
           0.000000        0.000000       0.874510;
           0.000000        0.000000       0.886275;
           0.000000        0.000000       0.898039;
           0.000000        0.000000       0.909804;
           0.000000        0.000000       0.921569;
           0.000000        0.000000       0.933333;
           0.000000        0.000000       0.945098;
           0.000000        0.000000       0.956863;
           0.000000        0.000000       0.968627;
           0.000000        0.000000       0.980392;
           0.000000        0.000000       0.992157;
           0.003922        0.003922       1.000000;
           0.015686        0.015686       1.000000;
           0.027451        0.027451       1.000000;
           0.039216        0.039216       1.000000;
           0.050980        0.050980       1.000000;
           0.062745        0.062745       1.000000;
           0.074510        0.074510       1.000000;
           0.086275        0.086275       1.000000;
           0.098039        0.098039       1.000000;
           0.109804        0.109804       1.000000;
           0.121569        0.121569       1.000000;
           0.133333        0.133333       1.000000;
           0.145098        0.145098       1.000000;
           0.156863        0.156863       1.000000;
           0.168627        0.168627       1.000000;
           0.180392        0.180392       1.000000;
           0.192157        0.192157       1.000000;
           0.203922        0.203922       1.000000;
           0.215686        0.215686       1.000000;
           0.227451        0.227451       1.000000;
           0.239216        0.239216       1.000000;
           0.250980        0.250980       1.000000;
           0.262745        0.262745       1.000000;
           0.274510        0.274510       1.000000;
           0.286275        0.286275       1.000000;
           0.298039        0.298039       1.000000;
           0.309804        0.309804       1.000000;
           0.321569        0.321569       1.000000;
           0.333333        0.333333       1.000000;
           0.345098        0.345098       1.000000;
           0.356863        0.356863       1.000000;
           0.368627        0.368627       1.000000;
           0.380392        0.380392       1.000000;
           0.392157        0.392157       1.000000;
           0.403922        0.403922       1.000000;
           0.415686        0.415686       1.000000;
           0.427451        0.427451       1.000000;
           0.439216        0.439216       1.000000;
           0.450980        0.450980       1.000000;
           0.462745        0.462745       1.000000;
           0.474510        0.474510       1.000000;
           0.486275        0.486275       1.000000;
           0.498039        0.498039       1.000000;
           0.509804        0.509804       1.000000;
           0.521569        0.521569       1.000000;
           0.533333        0.533333       1.000000;
           0.545098        0.545098       1.000000;
           0.556863        0.556863       1.000000;
           0.568627        0.568627       1.000000;
           0.580392        0.580392       1.000000;
           0.592157        0.592157       1.000000;
           0.603922        0.603922       1.000000;
           0.615686        0.615686       1.000000;
           0.627451        0.627451       1.000000;
           0.639216        0.639216       1.000000;
           0.650980        0.650980       1.000000;
           0.662745        0.662745       1.000000;
           0.674510        0.674510       1.000000;
           0.686275        0.686275       1.000000;
           0.698039        0.698039       1.000000;
           0.709804        0.709804       1.000000;
           0.721569        0.721569       1.000000;
           0.733333        0.733333       1.000000;
           0.745098        0.745098       1.000000;
           0.756863        0.756863       1.000000;
           0.768627        0.768627       1.000000;
           0.780392        0.780392       1.000000;
           0.792157        0.792157       1.000000;
           0.803922        0.803922       1.000000;
           0.815686        0.815686       1.000000;
           0.827451        0.827451       1.000000;
           0.839216        0.839216       1.000000;
           0.850980        0.850980       1.000000;
           0.862745        0.862745       1.000000;
           0.874510        0.874510       1.000000;
           0.886275        0.886275       1.000000;
           0.898039        0.898039       1.000000;
           0.909804        0.909804       1.000000;
           0.921569        0.921569       1.000000;
           0.933333        0.933333       1.000000;
           0.945098        0.945098       1.000000;
           0.956863        0.956863       1.000000;
           0.968627        0.968627       1.000000;
           0.980392        0.980392       1.000000;
           0.992157        0.992157       1.000000;
           1.000000        0.992157       0.992157;
           1.000000        0.980392       0.980392;
           1.000000        0.968627       0.968627;
           1.000000        0.956863       0.956863;
           1.000000        0.945098       0.945098;
           1.000000        0.933333       0.933333;
           1.000000        0.921569       0.921569;
           1.000000        0.909804       0.909804;
           1.000000        0.898039       0.898039;
           1.000000        0.886275       0.886275;
           1.000000        0.874510       0.874510;
           1.000000        0.862745       0.862745;
           1.000000        0.850980       0.850980;
           1.000000        0.839216       0.839216;
           1.000000        0.827451       0.827451;
           1.000000        0.815686       0.815686;
           1.000000        0.803922       0.803922;
           1.000000        0.792157       0.792157;
           1.000000        0.780392       0.780392;
           1.000000        0.768627       0.768627;
           1.000000        0.756863       0.756863;
