function map = colormaps_default();
%
%================================================
%
%   function map = colormaps_default();
%
%         Yusuke Uchiyama, UCLA, 23-Jun-2010
%
%================================================

map = [
           0.513725        0.000000       1.000000;
           0.501961        0.000000       1.000000;
           0.490196        0.000000       0.996078;
           0.478431        0.000000       0.996078;
           0.466667        0.000000       0.996078;
           0.454902        0.000000       0.992157;
           0.443137        0.003922       0.992157;
           0.431373        0.007843       0.988235;
           0.423529        0.011765       0.988235;
           0.415686        0.011765       0.988235;
           0.403922        0.015686       0.984314;
           0.396078        0.019608       0.984314;
           0.388235        0.023529       0.980392;
           0.376471        0.027451       0.980392;
           0.368627        0.031373       0.976471;
           0.360784        0.035294       0.976471;
           0.352941        0.039216       0.972549;
           0.341176        0.047059       0.968627;
           0.333333        0.050980       0.968627;
           0.325490        0.054902       0.964706;
           0.317647        0.062745       0.960784;
           0.309804        0.070588       0.956863;
           0.298039        0.074510       0.952941;
           0.290196        0.082353       0.949020;
           0.282353        0.090196       0.945098;
           0.274510        0.094118       0.941176;
           0.266667        0.101961       0.937255;
           0.258824        0.109804       0.933333;
           0.250980        0.117647       0.929412;
           0.243137        0.125490       0.925490;
           0.235294        0.137255       0.921569;
           0.227451        0.145098       0.913725;
           0.219608        0.152941       0.909804;
           0.211765        0.160784       0.905882;
           0.203922        0.172549       0.898039;
           0.196078        0.180392       0.894118;
           0.188235        0.188235       0.890196;
           0.184314        0.200000       0.882353;
           0.176471        0.207843       0.878431;
           0.168627        0.219608       0.870588;
           0.160784        0.231373       0.866667;
           0.152941        0.239216       0.858824;
           0.149020        0.250980       0.850980;
           0.141176        0.262745       0.847059;
           0.137255        0.270588       0.839216;
           0.129412        0.282353       0.831373;
           0.121569        0.294118       0.827451;
           0.117647        0.305882       0.819608;
           0.109804        0.317647       0.811765;
           0.105882        0.329412       0.803922;
           0.098039        0.341176       0.796078;
           0.094118        0.352941       0.792157;
           0.090196        0.364706       0.784314;
           0.082353        0.376471       0.776471;
           0.078431        0.388235       0.768627;
           0.074510        0.400000       0.760784;
           0.070588        0.411765       0.752941;
           0.062745        0.423529       0.745098;
           0.058824        0.435294       0.737255;
           0.054902        0.447059       0.729412;
           0.050980        0.458824       0.721569;
           0.047059        0.470588       0.713725;
           0.043137        0.482353       0.701961;
           0.039216        0.494118       0.694118;
           0.035294        0.509804       0.686275;
           0.031373        0.521569       0.678431;
           0.027451        0.533333       0.670588;
           0.027451        0.545098       0.662745;
           0.023529        0.556863       0.650980;
           0.019608        0.568627       0.643137;
           0.019608        0.580392       0.635294;
           0.015686        0.592157       0.627451;
           0.011765        0.603922       0.615686;
           0.011765        0.615686       0.607843;
           0.007843        0.627451       0.600000;
           0.007843        0.639216       0.592157;
           0.003922        0.650980       0.580392;
           0.003922        0.662745       0.572549;
           0.003922        0.674510       0.564706;
           0.000000        0.686275       0.552941;
           0.000000        0.698039       0.545098;
           0.000000        0.709804       0.537255;
           0.000000        0.721569       0.525490;
           0.000000        0.729412       0.517647;
           0.000000        0.741176       0.509804;
           0.000000        0.752941       0.498039;
           0.000000        0.760784       0.490196;
           0.000000        0.772549       0.482353;
           0.000000        0.784314       0.470588;
           0.000000        0.792157       0.462745;
           0.000000        0.803922       0.454902;
           0.000000        0.811765       0.443137;
           0.000000        0.819608       0.435294;
           0.003922        0.831373       0.427451;
           0.003922        0.839216       0.415686;
           0.007843        0.847059       0.407843;
           0.007843        0.854902       0.400000;
           0.007843        0.866667       0.388235;
           0.011765        0.874510       0.380392;
           0.011765        0.882353       0.372549;
           0.015686        0.890196       0.364706;
           0.019608        0.898039       0.352941;
           0.019608        0.901961       0.345098;
           0.023529        0.909804       0.337255;
           0.027451        0.917647       0.329412;
           0.031373        0.921569       0.321569;
           0.035294        0.929412       0.309804;
           0.035294        0.937255       0.301961;
           0.039216        0.941176       0.294118;
           0.043137        0.945098       0.286275;
           0.047059        0.952941       0.278431;
           0.050980        0.956863       0.270588;
           0.054902        0.960784       0.262745;
           0.062745        0.964706       0.254902;
           0.066667        0.968627       0.247059;
           0.070588        0.972549       0.239216;
           0.074510        0.976471       0.231373;
           0.078431        0.980392       0.223529;
           0.086275        0.980392       0.215686;
           0.090196        0.984314       0.207843;
           0.094118        0.988235       0.200000;
           0.101961        0.988235       0.192157;
           0.105882        0.992157       0.184314;
           0.113725        0.992157       0.176471;
           0.117647        0.992157       0.172549;
           0.125490        0.992157       0.164706;
           0.129412        0.992157       0.156863;
           0.137255        0.996078       0.149020;
           0.145098        0.992157       0.145098;
           0.149020        0.992157       0.137255;
           0.156863        0.992157       0.129412;
           0.164706        0.992157       0.125490;
           0.172549        0.992157       0.117647;
           0.176471        0.988235       0.113725;
           0.184314        0.988235       0.105882;
           0.192157        0.984314       0.101961;
           0.200000        0.980392       0.094118;
           0.207843        0.980392       0.090196;
           0.215686        0.976471       0.086275;
           0.223529        0.972549       0.078431;
           0.231373        0.968627       0.074510;
           0.239216        0.964706       0.070588;
           0.247059        0.960784       0.066667;
           0.254902        0.956863       0.062745;
           0.262745        0.952941       0.054902;
           0.270588        0.945098       0.050980;
           0.278431        0.941176       0.047059;
           0.286275        0.937255       0.043137;
           0.294118        0.929412       0.039216;
