function map = colormaps_hotres();
%
%================================================
%
%   function map = colormaps_hotres();
%
%         Yusuke Uchiyama, UCLA, 23-Jun-2010
%
%================================================

map = [
           0.003922        0.019608       0.274510;
           0.031373        0.098039       0.392157;
           0.058824        0.207843       0.509804;
           0.090196        0.266667       0.627451;
           0.121569        0.325490       0.745098;
           0.152941        0.384314       0.862745;
           0.184314        0.439216       0.980392;
           0.215686        0.498039       0.992157;
           0.243137        0.549020       0.980392;
           0.270588        0.600000       0.956863;
           0.294118        0.643137       0.921569;
           0.321569        0.682353       0.878431;
           0.345098        0.721569       0.831373;
           0.372549        0.756863       0.780392;
           0.396078        0.788235       0.729412;
           0.419608        0.815686       0.678431;
           0.439216        0.843137       0.627451;
           0.462745        0.866667       0.576471;
           0.482353        0.886275       0.529412;
           0.501961        0.905882       0.482353;
           0.525490        0.921569       0.439216;
           0.545098        0.937255       0.400000;
           0.560784        0.949020       0.364706;
           0.580392        0.960784       0.329412;
           0.600000        0.968627       0.298039;
           0.615686        0.976471       0.270588;
           0.631373        0.980392       0.243137;
           0.647059        0.984314       0.219608;
           0.662745        0.988235       0.196078;
           0.678431        0.992157       0.176471;
           0.694118        0.992157       0.156863;
           0.709804        0.992157       0.141176;
           0.721569        0.988235       0.125490;
           0.737255        0.988235       0.113725;
           0.749020        0.984314       0.098039;
           0.760784        0.980392       0.090196;
           0.772549        0.972549       0.078431;
           0.784314        0.968627       0.070588;
           0.796078        0.960784       0.062745;
           0.807843        0.952941       0.054902;
           0.815686        0.945098       0.047059;
           0.827451        0.937255       0.043137;
           0.835294        0.929412       0.039216;
           0.847059        0.921569       0.035294;
           0.854902        0.909804       0.031373;
           0.862745        0.901961       0.027451;
           0.870588        0.890196       0.023529;
           0.878431        0.882353       0.019608;
           0.886275        0.870588       0.015686;
           0.894118        0.858824       0.015686;
           0.901961        0.847059       0.011765;
           0.909804        0.835294       0.011765;
           0.913725        0.823529       0.011765;
           0.921569        0.811765       0.007843;
           0.925490        0.800000       0.007843;
           0.933333        0.788235       0.007843;
           0.937255        0.776471       0.003922;
           0.941176        0.764706       0.003922;
           0.945098        0.752941       0.003922;
           0.949020        0.741176       0.003922;
           0.952941        0.729412       0.003922;
           0.956863        0.717647       0.000000;
           0.960784        0.705882       0.000000;
           0.964706        0.694118       0.000000;
           0.968627        0.678431       0.000000;
           0.972549        0.666667       0.000000;
           0.972549        0.654902       0.000000;
           0.976471        0.643137       0.000000;
           0.980392        0.631373       0.000000;
           0.980392        0.619608       0.000000;
           0.984314        0.607843       0.000000;
           0.984314        0.596078       0.000000;
           0.984314        0.584314       0.000000;
           0.988235        0.576471       0.000000;
           0.988235        0.564706       0.000000;
           0.988235        0.552941       0.000000;
           0.988235        0.541176       0.000000;
           0.992157        0.529412       0.000000;
           0.992157        0.517647       0.000000;
           0.992157        0.509804       0.000000;
           0.992157        0.498039       0.000000;
           0.992157        0.486275       0.000000;
           0.992157        0.478431       0.000000;
           0.992157        0.466667       0.000000;
           0.988235        0.458824       0.000000;
           0.988235        0.447059       0.000000;
           0.988235        0.439216       0.000000;
           0.988235        0.427451       0.000000;
           0.988235        0.419608       0.000000;
           0.984314        0.411765       0.000000;
           0.984314        0.400000       0.000000;
           0.984314        0.392157       0.000000;
           0.980392        0.384314       0.000000;
           0.980392        0.376471       0.000000;
           0.976471        0.364706       0.000000;
           0.976471        0.356863       0.000000;
           0.972549        0.349020       0.000000;
           0.972549        0.341176       0.000000;
           0.968627        0.333333       0.000000;
           0.968627        0.325490       0.000000;
           0.964706        0.317647       0.000000;
           0.960784        0.309804       0.000000;
           0.960784        0.305882       0.000000;
           0.956863        0.298039       0.000000;
           0.952941        0.290196       0.000000;
           0.952941        0.282353       0.000000;
           0.949020        0.278431       0.000000;
           0.945098        0.270588       0.000000;
           0.941176        0.262745       0.000000;
           0.941176        0.258824       0.000000;
           0.937255        0.250980       0.000000;
           0.933333        0.243137       0.000000;
           0.929412        0.239216       0.000000;
           0.925490        0.231373       0.000000;
           0.921569        0.227451       0.000000;
           0.921569        0.223529       0.000000;
           0.917647        0.215686       0.000000;
           0.913725        0.211765       0.000000;
           0.909804        0.207843       0.000000;
           0.905882        0.200000       0.000000;
           0.901961        0.196078       0.000000;
           0.898039        0.192157       0.000000;
           0.894118        0.184314       0.000000;
           0.890196        0.180392       0.000000;
           0.886275        0.176471       0.000000;
           0.882353        0.172549       0.000000;
           0.878431        0.168627       0.000000;
           0.874510        0.164706       0.000000;
           0.870588        0.160784       0.000000;
           0.866667        0.156863       0.000000;
           0.862745        0.152941       0.000000;
           0.858824        0.149020       0.000000;
           0.854902        0.145098       0.000000;
           0.850980        0.141176       0.000000;
           0.847059        0.137255       0.000000;
           0.839216        0.133333       0.000000;
           0.835294        0.129412       0.000000;
           0.831373        0.125490       0.000000;
           0.827451        0.121569       0.000000;
           0.823529        0.121569       0.000000;
           0.819608        0.117647       0.000000;
           0.815686        0.113725       0.000000;
           0.811765        0.109804       0.000000;
           0.803922        0.105882       0.000000;
           0.800000        0.105882       0.000000;
           0.796078        0.101961       0.000000;
           0.792157        0.098039       0.000000;
           0.788235        0.098039       0.000000;
           0.784314        0.094118       0.000000;
