function map = colormaps_banded();
%
%================================================
%
%   function map = colormaps_banded();
%
%         Yusuke Uchiyama, UCLA, 23-Jun-2010
%
%================================================

map = [
           0.403922        0.007843       0.494118;
           0.419608        0.019608       0.521569;
           0.431373        0.039216       0.545098;
           0.443137        0.062745       0.560784;
           0.447059        0.078431       0.576471;
           0.443137        0.090196       0.580392;
           0.431373        0.090196       0.584314;
           0.419608        0.078431       0.584314;
           0.403922        0.062745       0.584314;
           0.388235        0.039216       0.596078;
           0.380392        0.023529       0.615686;
           0.372549        0.007843       0.643137;
           0.372549        0.000000       0.674510;
           0.372549        0.000000       0.709804;
           0.372549        0.000000       0.741176;
           0.372549        0.015686       0.768627;
           0.376471        0.035294       0.788235;
           0.376471        0.066667       0.800000;
           0.376471        0.094118       0.807843;
           0.372549        0.117647       0.807843;
           0.352941        0.125490       0.796078;
           0.329412        0.117647       0.784314;
           0.294118        0.101961       0.772549;
           0.250980        0.074510       0.764706;
           0.211765        0.047059       0.768627;
           0.176471        0.023529       0.780392;
           0.145098        0.007843       0.807843;
           0.121569        0.000000       0.839216;
           0.098039        0.000000       0.870588;
           0.082353        0.003922       0.898039;
           0.074510        0.023529       0.917647;
           0.078431        0.050980       0.929412;
           0.086275        0.082353       0.937255;
           0.117647        0.137255       0.933333;
           0.137255        0.180392       0.921569;
           0.141176        0.203922       0.901961;
           0.133333        0.211765       0.878431;
           0.105882        0.207843       0.858824;
           0.078431        0.200000       0.847059;
           0.047059        0.196078       0.847059;
           0.019608        0.200000       0.862745;
           0.003922        0.215686       0.886275;
           0.000000        0.239216       0.913725;
           0.000000        0.270588       0.945098;
           0.007843        0.309804       0.968627;
           0.027451        0.349020       0.980392;
           0.058824        0.396078       0.988235;
           0.098039        0.439216       0.988235;
           0.129412        0.474510       0.980392;
           0.145098        0.494118       0.960784;
           0.149020        0.501961       0.937255;
           0.133333        0.498039       0.909804;
           0.105882        0.490196       0.886275;
           0.074510        0.482353       0.874510;
           0.043137        0.482353       0.874510;
           0.019608        0.498039       0.886275;
           0.003922        0.521569       0.909804;
           0.000000        0.552941       0.937255;
           0.000000        0.584314       0.964706;
           0.011765        0.619608       0.984314;
           0.035294        0.650980       0.996078;
           0.066667        0.678431       0.996078;
           0.105882        0.701961       0.996078;
           0.133333        0.717647       0.984314;
           0.149020        0.721569       0.960784;
           0.145098        0.713725       0.933333;
           0.129412        0.698039       0.905882;
           0.098039        0.686275       0.886275;
           0.066667        0.682353       0.874510;
           0.035294        0.686275       0.874510;
           0.015686        0.705882       0.890196;
           0.000000        0.737255       0.917647;
           0.000000        0.772549       0.945098;
           0.000000        0.803922       0.972549;
           0.015686        0.835294       0.988235;
           0.043137        0.858824       0.996078;
           0.074510        0.878431       0.996078;
           0.109804        0.890196       0.992157;
           0.137255        0.890196       0.980392;
           0.149020        0.882353       0.956863;
           0.145098        0.866667       0.929412;
           0.121569        0.850980       0.901961;
           0.094118        0.843137       0.882353;
           0.058824        0.843137       0.874510;
           0.031373        0.858824       0.878431;
           0.011765        0.890196       0.898039;
           0.000000        0.921569       0.917647;
           0.000000        0.949020       0.929412;
           0.003922        0.976471       0.941176;
           0.019608        0.992157       0.941176;
           0.047059        0.996078       0.933333;
           0.082353        0.996078       0.921569;
           0.117647        0.992157       0.901961;
           0.141176        0.976471       0.878431;
           0.149020        0.952941       0.843137;
           0.141176        0.921569       0.803922;
           0.117647        0.898039       0.760784;
           0.086275        0.878431       0.725490;
           0.054902        0.874510       0.698039;
           0.027451        0.882353       0.682353;
           0.007843        0.901961       0.674510;
           0.000000        0.929412       0.674510;
           0.000000        0.956863       0.670588;
           0.003922        0.980392       0.670588;
           0.023529        0.992157       0.662745;
           0.054902        0.996078       0.654902;
           0.090196        0.996078       0.643137;
           0.125490        0.988235       0.631373;
           0.145098        0.972549       0.607843;
           0.149020        0.945098       0.576471;
           0.137255        0.917647       0.533333;
           0.109804        0.894118       0.490196;
           0.078431        0.878431       0.443137;
           0.047059        0.874510       0.403922;
           0.023529        0.886275       0.368627;
           0.003922        0.905882       0.341176;
           0.000000        0.933333       0.321569;
           0.000000        0.960784       0.301961;
           0.007843        0.984314       0.286275;
           0.031373        0.996078       0.278431;
           0.062745        0.996078       0.274510;
           0.098039        0.996078       0.274510;
           0.129412        0.984314       0.274510;
           0.149020        0.964706       0.258824;
           0.149020        0.941176       0.235294;
           0.133333        0.909804       0.192157;
           0.105882        0.886275       0.141176;
           0.074510        0.874510       0.086275;
           0.054902        0.874510       0.043137;
           0.058824        0.886275       0.015686;
           0.070588        0.909804       0.003922;
           0.098039        0.941176       0.000000;
           0.133333        0.964706       0.000000;
           0.176471        0.984314       0.011765;
           0.227451        0.996078       0.035294;
           0.282353        0.996078       0.070588;
           0.333333        0.996078       0.105882;
           0.376471        0.984314       0.133333;
           0.407843        0.960784       0.149020;
           0.419608        0.933333       0.145098;
           0.419608        0.905882       0.129412;
           0.415686        0.886275       0.098039;
           0.411765        0.874510       0.066667;
           0.419608        0.878431       0.035294;
           0.439216        0.894118       0.011765;
           0.466667        0.917647       0.000000;
           0.505882        0.945098       0.000000;
           0.545098        0.972549       0.000000;
           0.588235        0.988235       0.015686;
