function map = colormaps_roullet();
%
%================================================
%
%   function map = colormaps_roullet();
%
%         Yusuke Uchiyama, UCLA, 23-Jun-2010
%
%================================================

map = [
           0.356863        0.376471       0.596078;
           0.247059        0.274510       0.611765;
           0.082353        0.125490       0.623529;
           0.015686        0.062745       0.635294;
           0.000000        0.050980       0.643137;
           0.000000        0.050980       0.627451;
           0.000000        0.043137       0.525490;
           0.000000        0.019608       0.258824;
           0.000000        0.007843       0.090196;
           0.000000        0.027451       0.301961;
           0.000000        0.054902       0.576471;
           0.000000        0.066667       0.694118;
           0.000000        0.078431       0.725490;
           0.019608        0.098039       0.737255;
           0.109804        0.180392       0.745098;
           0.321569        0.372549       0.756863;
           0.458824        0.494118       0.764706;
           0.298039        0.356863       0.772549;
           0.098039        0.180392       0.780392;
           0.015686        0.117647       0.788235;
           0.000000        0.105882       0.792157;
           0.000000        0.105882       0.772549;
           0.000000        0.090196       0.654902;
           0.000000        0.054902       0.380392;
           0.000000        0.031373       0.227451;
           0.000000        0.066667       0.450980;
           0.000000        0.113725       0.717647;
           0.000000        0.133333       0.819608;
           0.003922        0.145098       0.847059;
           0.027451        0.172549       0.854902;
           0.137255        0.266667       0.862745;
           0.388235        0.474510       0.866667;
           0.517647        0.588235       0.870588;
           0.321569        0.431373       0.878431;
           0.098039        0.258824       0.882353;
           0.015686        0.196078       0.886275;
           0.000000        0.192157       0.886275;
           0.000000        0.188235       0.862745;
           0.000000        0.164706       0.729412;
           0.000000        0.101961       0.450980;
           0.000000        0.074510       0.313725;
           0.000000        0.137255       0.552941;
           0.000000        0.203922       0.807843;
           0.000000        0.235294       0.901961;
           0.003922        0.250980       0.921569;
           0.031373        0.282353       0.929412;
           0.164706        0.384314       0.929412;
           0.435294        0.580392       0.933333;
           0.552941        0.670588       0.937255;
           0.329412        0.521569       0.941176;
           0.098039        0.372549       0.945098;
           0.015686        0.325490       0.945098;
           0.000000        0.325490       0.941176;
           0.000000        0.321569       0.909804;
           0.000000        0.278431       0.768627;
           0.000000        0.180392       0.482353;
           0.000000        0.141176       0.368627;
           0.000000        0.243137       0.619608;
           0.000000        0.349020       0.862745;
           0.000000        0.396078       0.945098;
           0.007843        0.419608       0.964706;
           0.043137        0.450980       0.968627;
           0.188235        0.545098       0.968627;
           0.470588        0.705882       0.972549;
           0.572549        0.764706       0.972549;
           0.325490        0.647059       0.976471;
           0.098039        0.545098       0.976471;
           0.023529        0.521569       0.976471;
           0.011765        0.525490       0.972549;
           0.011765        0.521569       0.937255;
           0.011765        0.447059       0.784314;
           0.007843        0.290196       0.490196;
           0.007843        0.243137       0.400000;
           0.015686        0.411765       0.662745;
           0.023529        0.572549       0.894118;
           0.031373        0.639216       0.972549;
           0.043137        0.666667       0.984314;
           0.086275        0.698039       0.988235;
           0.243137        0.764706       0.988235;
           0.521569        0.858824       0.988235;
           0.596078        0.886275       0.992157;
           0.356863        0.835294       0.992157;
           0.156863        0.803922       0.992157;
           0.098039        0.807843       0.992157;
           0.098039        0.819608       0.984314;
           0.101961        0.803922       0.945098;
           0.090196        0.678431       0.780392;
           0.062745        0.435294       0.486275;
           0.058824        0.384314       0.419608;
           0.109804        0.647059       0.694118;
           0.160784        0.870588       0.913725;
           0.188235        0.952941       0.980392;
           0.215686        0.984314       0.992157;
           0.266667        0.996078       0.988235;
           0.415686        0.996078       0.976471;
           0.643137        0.996078       0.976471;
           0.694118        0.996078       0.972549;
           0.513725        0.996078       0.945098;
           0.392157        0.996078       0.913725;
           0.372549        0.996078       0.894118;
           0.388235        0.988235       0.878431;
           0.396078        0.941176       0.827451;
           0.345098        0.764706       0.666667;
           0.223529        0.474510       0.407843;
           0.219608        0.435294       0.372549;
           0.380392        0.713725       0.607843;
           0.521569        0.921569       0.784314;
           0.588235        0.984314       0.835294;
           0.627451        0.996078       0.847059;
           0.674510        0.996078       0.854902;
           0.760784        0.996078       0.886275;
           0.862745        0.996078       0.933333;
           0.886275        0.996078       0.937255;
           0.831373        0.996078       0.905882;
           0.811765        0.996078       0.890196;
           0.823529        0.996078       0.890196;
           0.839216        0.988235       0.894118;
           0.819608        0.937255       0.858824;
           0.670588        0.749020       0.694118;
           0.419608        0.458824       0.431373;
           0.415686        0.447059       0.423529;
           0.694118        0.733333       0.701961;
           0.898039        0.929412       0.901961;
           0.960784        0.988235       0.964706;
           0.980392        0.996078       0.984314;
           0.992157        0.996078       0.992157;
           0.996078        0.996078       0.996078;
           0.996078        0.996078       0.996078;
           0.996078        0.996078       0.996078;
           0.996078        0.996078       0.996078;
           0.992157        0.996078       0.992157;
           0.984314        0.996078       0.980392;
           0.964706        0.988235       0.960784;
           0.901961        0.929412       0.898039;
           0.701961        0.733333       0.694118;
           0.423529        0.447059       0.415686;
           0.431373        0.458824       0.419608;
           0.694118        0.749020       0.670588;
           0.858824        0.937255       0.819608;
           0.894118        0.988235       0.839216;
           0.890196        0.996078       0.823529;
           0.890196        0.996078       0.811765;
           0.905882        0.996078       0.831373;
           0.937255        0.996078       0.886275;
           0.933333        0.996078       0.862745;
           0.886275        0.996078       0.760784;
           0.854902        0.996078       0.674510;
           0.847059        0.996078       0.627451;
           0.835294        0.984314       0.588235;
