function map = colormaps_jaison();
%
%================================================
%
%   function map = colormaps_jaison();
%
%         Yusuke Uchiyama, UCLA, 23-Jun-2010
%
%================================================

map = [
           0.490196        0.000000       0.498039;
           0.498039        0.000000       0.521569;
           0.505882        0.000000       0.545098;
           0.513725        0.000000       0.564706;
           0.517647        0.000000       0.588235;
           0.517647        0.000000       0.607843;
           0.521569        0.000000       0.627451;
           0.517647        0.000000       0.647059;
           0.517647        0.000000       0.662745;
           0.509804        0.000000       0.682353;
           0.505882        0.000000       0.698039;
           0.498039        0.000000       0.713725;
           0.490196        0.000000       0.729412;
           0.478431        0.000000       0.745098;
           0.466667        0.000000       0.760784;
           0.454902        0.000000       0.772549;
           0.439216        0.000000       0.788235;
           0.423529        0.000000       0.800000;
           0.407843        0.000000       0.811765;
           0.388235        0.000000       0.823529;
           0.368627        0.000000       0.835294;
           0.349020        0.000000       0.847059;
           0.329412        0.000000       0.858824;
           0.309804        0.000000       0.866667;
           0.286275        0.000000       0.878431;
           0.262745        0.000000       0.886275;
           0.239216        0.000000       0.894118;
           0.215686        0.000000       0.901961;
           0.192157        0.000000       0.909804;
           0.168627        0.000000       0.917647;
           0.141176        0.000000       0.925490;
           0.117647        0.000000       0.929412;
           0.090196        0.000000       0.937255;
           0.066667        0.000000       0.941176;
           0.039216        0.000000       0.949020;
           0.011765        0.000000       0.952941;
           0.000000        0.007843       0.956863;
           0.000000        0.035294       0.960784;
           0.000000        0.062745       0.964706;
           0.000000        0.086275       0.968627;
           0.000000        0.113725       0.972549;
           0.000000        0.137255       0.976471;
           0.000000        0.164706       0.976471;
           0.000000        0.188235       0.980392;
           0.000000        0.215686       0.984314;
           0.000000        0.239216       0.984314;
           0.000000        0.262745       0.988235;
           0.000000        0.286275       0.988235;
           0.000000        0.309804       0.992157;
           0.000000        0.333333       0.992157;
           0.000000        0.356863       0.992157;
           0.000000        0.380392       0.992157;
           0.000000        0.400000       0.996078;
           0.000000        0.423529       0.996078;
           0.000000        0.443137       0.996078;
           0.000000        0.462745       0.996078;
           0.000000        0.482353       0.996078;
           0.000000        0.501961       0.996078;
           0.000000        0.521569       0.996078;
           0.000000        0.541176       0.996078;
           0.000000        0.560784       0.996078;
           0.000000        0.576471       0.996078;
           0.000000        0.596078       0.996078;
           0.000000        0.611765       0.996078;
           0.000000        0.627451       1.000000;
           0.000000        0.643137       1.000000;
           0.000000        0.658824       1.000000;
           0.000000        0.674510       1.000000;
           0.000000        0.690196       1.000000;
           0.000000        0.705882       1.000000;
           0.000000        0.721569       1.000000;
           0.000000        0.737255       1.000000;
           0.000000        0.749020       1.000000;
           0.000000        0.764706       1.000000;
           0.000000        0.776471       1.000000;
           0.000000        0.792157       1.000000;
           0.000000        0.803922       1.000000;
           0.000000        0.819608       1.000000;
           0.000000        0.831373       1.000000;
           0.000000        0.843137       1.000000;
           0.000000        0.854902       1.000000;
           0.000000        0.870588       1.000000;
           0.000000        0.882353       1.000000;
           0.000000        0.894118       1.000000;
           0.000000        0.909804       1.000000;
           0.000000        0.921569       1.000000;
           0.000000        0.933333       1.000000;
           0.000000        0.945098       1.000000;
           0.000000        0.960784       1.000000;
           0.000000        0.972549       1.000000;
           0.000000        0.988235       1.000000;
           0.000000        1.000000       0.996078;
           0.000000        1.000000       0.984314;
           0.000000        1.000000       0.968627;
           0.007843        1.000000       0.956863;
           0.019608        1.000000       0.941176;
           0.035294        1.000000       0.929412;
           0.050980        1.000000       0.917647;
           0.074510        1.000000       0.905882;
           0.098039        1.000000       0.894118;
           0.125490        1.000000       0.882353;
           0.156863        1.000000       0.874510;
           0.192157        1.000000       0.866667;
           0.227451        1.000000       0.858824;
           0.262745        1.000000       0.850980;
           0.301961        1.000000       0.847059;
           0.345098        1.000000       0.847059;
           0.388235        1.000000       0.843137;
           0.431373        1.000000       0.843137;
           0.474510        1.000000       0.847059;
           0.517647        1.000000       0.850980;
           0.560784        1.000000       0.854902;
           0.603922        1.000000       0.862745;
           0.647059        1.000000       0.866667;
           0.686275        1.000000       0.878431;
           0.725490        1.000000       0.886275;
           0.764706        1.000000       0.898039;
           0.800000        1.000000       0.909804;
           0.835294        1.000000       0.921569;
           0.866667        1.000000       0.933333;
           0.894118        1.000000       0.945098;
           0.917647        1.000000       0.956863;
           0.941176        1.000000       0.964706;
           0.960784        1.000000       0.976471;
           0.976471        1.000000       0.984314;
           0.984314        1.000000       0.992157;
           0.992157        1.000000       0.996078;
           0.996078        1.000000       0.996078;
           0.996078        1.000000       0.996078;
           0.992157        1.000000       0.996078;
           0.984314        1.000000       0.988235;
           0.976471        1.000000       0.980392;
           0.960784        1.000000       0.964706;
           0.941176        1.000000       0.949020;
           0.917647        1.000000       0.929412;
           0.894118        1.000000       0.905882;
           0.866667        1.000000       0.874510;
           0.835294        1.000000       0.843137;
           0.800000        1.000000       0.803922;
           0.764706        1.000000       0.764706;
           0.737255        1.000000       0.725490;
           0.705882        1.000000       0.686275;
           0.678431        1.000000       0.647059;
           0.647059        1.000000       0.603922;
           0.623529        1.000000       0.560784;
           0.596078        1.000000       0.517647;
           0.576471        1.000000       0.474510;
           0.552941        1.000000       0.431373;
           0.537255        1.000000       0.388235;
