function map = colormaps_rainbow();
%
%================================================
%
%   function map = colormaps_rainbow();
%
%         Yusuke Uchiyama, UCLA, 23-Jun-2010
%
%================================================

map = [
           0.149020        0.000000       0.196078;
           0.149020        0.000000       0.200000;
           0.149020        0.000000       0.200000;
           0.149020        0.000000       0.200000;
           0.152941        0.000000       0.203922;
           0.152941        0.000000       0.203922;
           0.152941        0.000000       0.207843;
           0.156863        0.000000       0.211765;
           0.160784        0.000000       0.215686;
           0.160784        0.000000       0.223529;
           0.164706        0.000000       0.227451;
           0.168627        0.000000       0.235294;
           0.172549        0.000000       0.239216;
           0.176471        0.000000       0.247059;
           0.180392        0.000000       0.254902;
           0.184314        0.000000       0.262745;
           0.188235        0.000000       0.274510;
           0.196078        0.000000       0.282353;
           0.200000        0.000000       0.294118;
           0.203922        0.000000       0.301961;
           0.207843        0.000000       0.313725;
           0.211765        0.000000       0.325490;
           0.219608        0.000000       0.337255;
           0.223529        0.000000       0.349020;
           0.227451        0.000000       0.360784;
           0.231373        0.000000       0.376471;
           0.235294        0.000000       0.388235;
           0.239216        0.000000       0.403922;
           0.243137        0.000000       0.415686;
           0.247059        0.000000       0.431373;
           0.250980        0.000000       0.447059;
           0.254902        0.000000       0.458824;
           0.254902        0.000000       0.474510;
           0.258824        0.000000       0.490196;
           0.258824        0.000000       0.505882;
           0.258824        0.000000       0.521569;
           0.258824        0.000000       0.537255;
           0.258824        0.000000       0.552941;
           0.258824        0.000000       0.568627;
           0.254902        0.000000       0.588235;
           0.254902        0.000000       0.603922;
           0.250980        0.000000       0.619608;
           0.247059        0.000000       0.635294;
           0.243137        0.000000       0.650980;
           0.235294        0.000000       0.666667;
           0.231373        0.000000       0.682353;
           0.223529        0.000000       0.701961;
           0.215686        0.000000       0.717647;
           0.203922        0.000000       0.733333;
           0.196078        0.000000       0.749020;
           0.184314        0.000000       0.764706;
           0.172549        0.000000       0.776471;
           0.160784        0.000000       0.792157;
           0.149020        0.000000       0.807843;
           0.133333        0.000000       0.823529;
           0.117647        0.000000       0.835294;
           0.101961        0.000000       0.850980;
           0.082353        0.000000       0.862745;
           0.066667        0.000000       0.874510;
           0.047059        0.000000       0.886275;
           0.027451        0.000000       0.898039;
           0.007843        0.000000       0.909804;
           0.000000        0.011765       0.921569;
           0.000000        0.031373       0.929412;
           0.000000        0.054902       0.941176;
           0.000000        0.078431       0.949020;
           0.000000        0.101961       0.956863;
           0.000000        0.129412       0.964706;
           0.000000        0.152941       0.968627;
           0.000000        0.180392       0.976471;
           0.000000        0.203922       0.980392;
           0.000000        0.231373       0.984314;
           0.000000        0.258824       0.988235;
           0.000000        0.286275       0.992157;
           0.000000        0.313725       0.992157;
           0.000000        0.337255       0.992157;
           0.000000        0.364706       0.992157;
           0.000000        0.392157       0.992157;
           0.000000        0.419608       0.992157;
           0.000000        0.447059       0.992157;
           0.000000        0.474510       0.992157;
           0.000000        0.501961       0.992157;
           0.000000        0.533333       0.988235;
           0.000000        0.560784       0.988235;
           0.000000        0.588235       0.988235;
           0.000000        0.615686       0.988235;
           0.000000        0.647059       0.988235;
           0.000000        0.674510       0.988235;
           0.000000        0.705882       0.988235;
           0.000000        0.733333       0.988235;
           0.000000        0.760784       0.984314;
           0.000000        0.792157       0.984314;
           0.000000        0.823529       0.984314;
           0.000000        0.850980       0.984314;
           0.000000        0.882353       0.980392;
           0.000000        0.909804       0.980392;
           0.000000        0.941176       0.980392;
           0.000000        0.968627       0.980392;
           0.000000        0.976471       0.956863;
           0.000000        0.976471       0.921569;
           0.000000        0.972549       0.890196;
           0.000000        0.972549       0.858824;
           0.000000        0.968627       0.823529;
           0.000000        0.968627       0.792157;
           0.000000        0.964706       0.756863;
           0.000000        0.960784       0.725490;
           0.000000        0.960784       0.690196;
           0.000000        0.956863       0.654902;
           0.000000        0.952941       0.623529;
           0.000000        0.945098       0.588235;
           0.000000        0.941176       0.552941;
           0.000000        0.933333       0.517647;
           0.000000        0.929412       0.482353;
           0.000000        0.921569       0.447059;
           0.000000        0.909804       0.411765;
           0.000000        0.898039       0.376471;
           0.000000        0.886275       0.341176;
           0.000000        0.870588       0.305882;
           0.000000        0.850980       0.270588;
           0.000000        0.831373       0.239216;
           0.000000        0.807843       0.203922;
           0.000000        0.776471       0.168627;
           0.000000        0.745098       0.137255;
           0.000000        0.709804       0.105882;
           0.000000        0.674510       0.078431;
           0.000000        0.639216       0.050980;
           0.000000        0.615686       0.027451;
           0.000000        0.600000       0.007843;
           0.007843        0.600000       0.000000;
           0.027451        0.615686       0.000000;
           0.050980        0.639216       0.000000;
           0.078431        0.674510       0.000000;
           0.105882        0.709804       0.000000;
           0.137255        0.745098       0.000000;
           0.168627        0.776471       0.000000;
           0.203922        0.807843       0.000000;
           0.239216        0.831373       0.000000;
           0.270588        0.850980       0.000000;
           0.305882        0.870588       0.000000;
           0.341176        0.886275       0.000000;
           0.376471        0.898039       0.000000;
           0.411765        0.909804       0.000000;
           0.447059        0.921569       0.000000;
           0.482353        0.929412       0.000000;
           0.517647        0.933333       0.000000;
           0.552941        0.941176       0.000000;
           0.588235        0.945098       0.000000;
           0.623529        0.952941       0.000000;
           0.654902        0.956863       0.000000;
