function map = colormaps_helix();
%
%================================================
%
%   function map = colormaps_helix();
%
%         Yusuke Uchiyama, UCLA, 23-Jun-2010
%
%================================================

map = [
           0.000000        0.000000       0.000000;
           0.000000        0.000000       0.000000;
           0.003922        0.003922       0.000000;
           0.007843        0.003922       0.000000;
           0.011765        0.007843       0.000000;
           0.015686        0.007843       0.000000;
           0.019608        0.011765       0.000000;
           0.023529        0.015686       0.000000;
           0.027451        0.015686       0.000000;
           0.027451        0.019608       0.000000;
           0.031373        0.023529       0.000000;
           0.035294        0.023529       0.000000;
           0.039216        0.027451       0.000000;
           0.039216        0.031373       0.000000;
           0.043137        0.035294       0.000000;
           0.047059        0.039216       0.000000;
           0.047059        0.043137       0.000000;
           0.050980        0.043137       0.000000;
           0.054902        0.047059       0.000000;
           0.054902        0.050980       0.000000;
           0.058824        0.054902       0.000000;
           0.058824        0.058824       0.000000;
           0.062745        0.062745       0.000000;
           0.062745        0.066667       0.000000;
           0.066667        0.070588       0.000000;
           0.066667        0.074510       0.000000;
           0.070588        0.078431       0.000000;
           0.070588        0.082353       0.000000;
           0.070588        0.086275       0.000000;
           0.074510        0.090196       0.000000;
           0.074510        0.098039       0.000000;
           0.074510        0.101961       0.000000;
           0.078431        0.105882       0.000000;
           0.078431        0.109804       0.000000;
           0.078431        0.113725       0.000000;
           0.078431        0.117647       0.000000;
           0.078431        0.121569       0.003922;
           0.082353        0.129412       0.003922;
           0.082353        0.133333       0.003922;
           0.082353        0.137255       0.003922;
           0.082353        0.141176       0.007843;
           0.082353        0.145098       0.007843;
           0.082353        0.152941       0.007843;
           0.082353        0.156863       0.007843;
           0.082353        0.160784       0.011765;
           0.082353        0.164706       0.011765;
           0.082353        0.168627       0.015686;
           0.082353        0.172549       0.015686;
           0.078431        0.180392       0.015686;
           0.078431        0.184314       0.019608;
           0.078431        0.188235       0.019608;
           0.078431        0.192157       0.023529;
           0.078431        0.196078       0.027451;
           0.074510        0.203922       0.027451;
           0.074510        0.207843       0.031373;
           0.074510        0.211765       0.031373;
           0.070588        0.215686       0.035294;
           0.070588        0.219608       0.039216;
           0.070588        0.223529       0.039216;
           0.066667        0.227451       0.043137;
           0.066667        0.231373       0.047059;
           0.066667        0.235294       0.050980;
           0.062745        0.239216       0.054902;
           0.062745        0.243137       0.058824;
           0.062745        0.247059       0.058824;
           0.058824        0.250980       0.062745;
           0.058824        0.254902       0.066667;
           0.054902        0.258824       0.070588;
           0.054902        0.262745       0.074510;
           0.050980        0.266667       0.082353;
           0.050980        0.270588       0.086275;
           0.047059        0.274510       0.090196;
           0.047059        0.278431       0.094118;
           0.043137        0.282353       0.098039;
           0.043137        0.282353       0.101961;
           0.039216        0.286275       0.109804;
           0.039216        0.290196       0.113725;
           0.035294        0.294118       0.117647;
           0.035294        0.294118       0.125490;
           0.031373        0.298039       0.129412;
           0.031373        0.298039       0.133333;
           0.027451        0.301961       0.141176;
           0.027451        0.305882       0.145098;
           0.023529        0.305882       0.152941;
           0.023529        0.309804       0.156863;
           0.019608        0.309804       0.164706;
           0.019608        0.309804       0.168627;
           0.015686        0.313725       0.176471;
           0.015686        0.313725       0.180392;
           0.015686        0.313725       0.188235;
           0.011765        0.317647       0.196078;
           0.011765        0.317647       0.200000;
           0.007843        0.317647       0.207843;
           0.007843        0.317647       0.215686;
           0.007843        0.317647       0.219608;
           0.003922        0.317647       0.227451;
           0.003922        0.317647       0.235294;
           0.003922        0.317647       0.243137;
           0.003922        0.317647       0.247059;
           0.000000        0.317647       0.254902;
           0.000000        0.317647       0.262745;
           0.000000        0.317647       0.270588;
           0.000000        0.317647       0.278431;
           0.000000        0.317647       0.286275;
           0.000000        0.313725       0.290196;
           0.000000        0.313725       0.298039;
           0.000000        0.313725       0.305882;
           0.000000        0.309804       0.313725;
           0.000000        0.309804       0.321569;
           0.000000        0.309804       0.329412;
           0.000000        0.305882       0.337255;
           0.000000        0.301961       0.345098;
           0.000000        0.301961       0.352941;
           0.000000        0.298039       0.356863;
           0.000000        0.298039       0.364706;
           0.003922        0.294118       0.372549;
           0.003922        0.290196       0.380392;
           0.003922        0.290196       0.388235;
           0.007843        0.286275       0.396078;
           0.007843        0.282353       0.403922;
           0.011765        0.278431       0.411765;
           0.011765        0.274510       0.415686;
           0.015686        0.270588       0.423529;
           0.015686        0.270588       0.431373;
           0.019608        0.266667       0.439216;
           0.023529        0.262745       0.447059;
           0.023529        0.258824       0.450980;
           0.027451        0.254902       0.458824;
           0.031373        0.250980       0.466667;
           0.035294        0.243137       0.474510;
           0.039216        0.239216       0.478431;
           0.043137        0.235294       0.486275;
           0.047059        0.231373       0.494118;
           0.050980        0.227451       0.498039;
           0.054902        0.223529       0.505882;
           0.058824        0.215686       0.509804;
           0.062745        0.211765       0.517647;
           0.070588        0.207843       0.521569;
           0.074510        0.203922       0.529412;
           0.078431        0.196078       0.533333;
           0.086275        0.192157       0.541176;
           0.090196        0.188235       0.545098;
           0.098039        0.184314       0.549020;
           0.101961        0.176471       0.556863;
           0.109804        0.172549       0.560784;
           0.113725        0.168627       0.564706;
           0.121569        0.160784       0.568627;
           0.129412        0.156863       0.572549;
           0.133333        0.152941       0.576471;
