function map = colormaps_jet();
%
%================================================
%
%   function map = colormaps_jet();
%
%         Yusuke Uchiyama, UCLA, 23-Jun-2010
%
%================================================

map = [
           0.000000        0.000000       0.905882;
           0.000000        0.000000       0.921569;
           0.000000        0.000000       0.937255;
           0.000000        0.000000       0.952941;
           0.000000        0.000000       0.968627;
           0.000000        0.000000       0.984314;
           0.000000        0.000000       1.000000;
           0.000000        0.015686       1.000000;
           0.000000        0.031373       1.000000;
           0.000000        0.047059       1.000000;
           0.000000        0.062745       1.000000;
           0.000000        0.078431       1.000000;
           0.000000        0.094118       1.000000;
           0.000000        0.109804       1.000000;
           0.000000        0.125490       1.000000;
           0.000000        0.141176       1.000000;
           0.000000        0.156863       1.000000;
           0.000000        0.172549       1.000000;
           0.000000        0.188235       1.000000;
           0.000000        0.203922       1.000000;
           0.000000        0.219608       1.000000;
           0.000000        0.235294       1.000000;
           0.000000        0.250980       1.000000;
           0.000000        0.266667       1.000000;
           0.000000        0.282353       1.000000;
           0.000000        0.298039       1.000000;
           0.000000        0.313725       1.000000;
           0.000000        0.329412       1.000000;
           0.000000        0.345098       1.000000;
           0.000000        0.360784       1.000000;
           0.000000        0.376471       1.000000;
           0.000000        0.392157       1.000000;
           0.000000        0.407843       1.000000;
           0.000000        0.423529       1.000000;
           0.000000        0.439216       1.000000;
           0.000000        0.454902       1.000000;
           0.000000        0.470588       1.000000;
           0.000000        0.486275       1.000000;
           0.000000        0.501961       1.000000;
           0.000000        0.517647       1.000000;
           0.000000        0.533333       1.000000;
           0.000000        0.549020       1.000000;
           0.000000        0.564706       1.000000;
           0.000000        0.580392       1.000000;
           0.000000        0.596078       1.000000;
           0.000000        0.611765       1.000000;
           0.000000        0.627451       1.000000;
           0.000000        0.643137       1.000000;
           0.000000        0.658824       1.000000;
           0.000000        0.674510       1.000000;
           0.000000        0.690196       1.000000;
           0.000000        0.705882       1.000000;
           0.000000        0.721569       1.000000;
           0.000000        0.737255       1.000000;
           0.000000        0.752941       1.000000;
           0.000000        0.768627       1.000000;
           0.000000        0.784314       1.000000;
           0.000000        0.800000       1.000000;
           0.000000        0.815686       1.000000;
           0.000000        0.831373       1.000000;
           0.000000        0.847059       1.000000;
           0.000000        0.862745       1.000000;
           0.000000        0.878431       1.000000;
           0.000000        0.894118       1.000000;
           0.000000        0.909804       1.000000;
           0.000000        0.925490       1.000000;
           0.000000        0.941176       1.000000;
           0.000000        0.956863       1.000000;
           0.000000        0.972549       1.000000;
           0.000000        0.988235       1.000000;
           0.003922        1.000000       0.992157;
           0.019608        1.000000       0.976471;
           0.035294        1.000000       0.960784;
           0.050980        1.000000       0.945098;
           0.066667        1.000000       0.929412;
           0.082353        1.000000       0.913725;
           0.098039        1.000000       0.898039;
           0.113725        1.000000       0.882353;
           0.129412        1.000000       0.866667;
           0.145098        1.000000       0.850980;
           0.160784        1.000000       0.835294;
           0.176471        1.000000       0.819608;
           0.192157        1.000000       0.803922;
           0.207843        1.000000       0.788235;
           0.223529        1.000000       0.772549;
           0.239216        1.000000       0.756863;
           0.254902        1.000000       0.741176;
           0.270588        1.000000       0.725490;
           0.286275        1.000000       0.709804;
           0.301961        1.000000       0.694118;
           0.317647        1.000000       0.678431;
           0.333333        1.000000       0.662745;
           0.349020        1.000000       0.647059;
           0.364706        1.000000       0.631373;
           0.380392        1.000000       0.615686;
           0.396078        1.000000       0.600000;
           0.411765        1.000000       0.584314;
           0.427451        1.000000       0.568627;
           0.443137        1.000000       0.552941;
           0.458824        1.000000       0.537255;
           0.474510        1.000000       0.521569;
           0.490196        1.000000       0.505882;
           0.505882        1.000000       0.490196;
           0.521569        1.000000       0.474510;
           0.537255        1.000000       0.458824;
           0.552941        1.000000       0.443137;
           0.568627        1.000000       0.427451;
           0.584314        1.000000       0.411765;
           0.600000        1.000000       0.396078;
           0.615686        1.000000       0.380392;
           0.631373        1.000000       0.364706;
           0.647059        1.000000       0.349020;
           0.662745        1.000000       0.333333;
           0.678431        1.000000       0.317647;
           0.694118        1.000000       0.301961;
           0.709804        1.000000       0.286275;
           0.725490        1.000000       0.270588;
           0.741176        1.000000       0.254902;
           0.756863        1.000000       0.239216;
           0.772549        1.000000       0.223529;
           0.788235        1.000000       0.207843;
           0.803922        1.000000       0.192157;
           0.819608        1.000000       0.176471;
           0.835294        1.000000       0.160784;
           0.850980        1.000000       0.145098;
           0.866667        1.000000       0.129412;
           0.882353        1.000000       0.113725;
           0.898039        1.000000       0.098039;
           0.913725        1.000000       0.082353;
           0.929412        1.000000       0.066667;
           0.945098        1.000000       0.050980;
           0.960784        1.000000       0.035294;
           0.976471        1.000000       0.019608;
           0.992157        1.000000       0.003922;
           1.000000        0.988235       0.000000;
           1.000000        0.972549       0.000000;
           1.000000        0.956863       0.000000;
           1.000000        0.941176       0.000000;
           1.000000        0.925490       0.000000;
           1.000000        0.909804       0.000000;
           1.000000        0.894118       0.000000;
           1.000000        0.878431       0.000000;
           1.000000        0.862745       0.000000;
           1.000000        0.847059       0.000000;
           1.000000        0.831373       0.000000;
           1.000000        0.815686       0.000000;
           1.000000        0.800000       0.000000;
           1.000000        0.784314       0.000000;
           1.000000        0.768627       0.000000;
