function cmap = kk_colormap10

cmap =[
255  75   0; % 鮮やかな黄みの赤
  0  90 255; % 鮮やかな青
  3 175 122; % 重厚な青みの緑
246 170   0; % 鮮やかな黄みの橙
 77 196 255; % シアン色
255 241   0; % 鮮やかな黄
  0   0   0; % 漆黒の黒色
153   0 153; % 奥深い紫色
132 145 158; % グレー
];
cmap = cmap/255;


end
