function map = kk_blue_red();
%

  map = [100  60  50;140 100  90;180 140 130;225 190 180;250 240 230;255 250 170;230 255 225; 180 250 170;120 245 115;55 210  60;15 160  15]/255;
return;
